1249 3
1619
3136 8
3238
3541 9
4716
6838 16
7130
7429 17
7508
7808 18
8104
8729 20
8772
9369 22
10054
11279 26
11575
11878 27
11956
12256 28
12552
13471 31
13767
14066 32
14145
14441 33
14737
15362 35
15405
16006 37
16691
17916 41
18212
18511 42
18589
18885 43
19181
21016 49
21198
21499 50
21734
23880 57
24172
24471 58
24593
24889 59
25181
26411 63
26707
27006 64
27098
27394 65
27690
28609 68
28901
29200 69
29321
29621 70
29917
31151 74
31447
31746 75
31838
32134 76
32430
33658 80
33954
34253 81
34375
34671 82
34967
36197 86
36493
36792 87
36884
37180 88
37476
38395 91
38691
38990 92
39111
39407 93
39703
