916 3
1280
1882 5
1984
3217 9
3228
3525 10
3559
5385 16
5681
5984 17
7089
7699 19
7762
8065 20
8084
8385 21
8427
8730 22
8760
9061 23
9144
9447 24
9466
9767 25
9809
10112 26
10142
10443 27
10526
10829 28
10849
11150 29
11193
11496 30
11527
11828 31
11912
12215 32
12240
12541 33
12589
12892 34
12926
13227 35
13284
13587 36
13632
13933 37
14045
14348 38
14387
14688 39
14750
15053 40
15108
15409 41
15487
15790 42
15856
16157 43
16311
16614 44
16631
16934 45
16962
17265 46
17287
17590 47
17621
17924 48
17966
18269 49
18305
18608 50
18656
18957 51
19028
19331 52
19390
19691 53
19831
20134 54
20187
20488 55
20564
20867 56
20937
21238 57
21331
21634 58
21715
22016 59
22200
22499 60
22516
22815 61
22843
23146 62
23168
23471 63
23502
23805 64
23847
24150 65
24186
24485 66
24530
24833 67
24889
25192 68
25242
25545 69
25607
25908 70
25993
26296 71
26369
26670 72
26838
27141 73
27208
27509 74
27599
27902 75
27986
28287 76
28394
28697 77
28792
29093 78
29305
29608 79
29668
29971 80
30036
30337 81
31895
32198 82
32252
32555 83
32616
32934 84
32977
33578 86
35342
36254 89
36312
36612 90
36908
39054 97
39350
39646 98
39942
