916 3
1280
1882 5
1984
3217 9
3225
3524 10
3569
5090 15
6201
6811 17
6874
7177 18
7194
7497 19
7525
7824 20
7846
8145 21
8176
8475 22
8517
8820 23
8856
9155 24
9207
9510 25
9573
9876 26
9893
10196 27
10224
10527 28
10549
10852 29
10883
11182 30
11224
11523 31
11559
11862 32
11907
12206 33
12262
12561 34
12611
12914 35
12981
13284 36
13362
13665 37
13682
13985 38
14013
14316 39
14338
14637 40
14668
14967 41
15009
15308 42
15344
15643 43
15688
15987 44
16043
16346 45
16396
16699 46
16758
17061 47
17131
17434 48
17498
17801 49
17882
18185 50
18277
18580 51
18596
18899 52
18926
19229 53
19245
19548 54
19575
19878 55
19938
20241 56
20306
20607 57
22045
22348 58
22402
22705 59
22766
23084 60
23127
23724 62
25402
26318 65
26376
27906 70
27969
28577 72
28654
28955 73
29047
29348 74
29454
29755 75
29796
30093 76
30134
30433 77
30493
30796 78
30878
