916 3
1280
1882 5
1984
3522 10
3533
3830 11
3857
5683 17
5979
6282 18
7387
7993 20
8056
8668 22
8690
8991 23
9029
9641 25
9674
9975 26
10056
10668 28
10688
10989 29
11025
11637 31
11668
11969 32
12046
12658 34
12681
12982 35
13021
13633 37
13667
13968 38
14051
14663 40
14688
14989 41
15030
15642 43
15678
15979 44
16066
16678 46
16708
17009 47
17055
17667 49
17718
18019 50
18086
18698 52
18760
19061 53
19200
19503 54
19563
19866 55
19931
20232 56
20808
21111 57
21165
21468 58
21529
21847 59
21890
22491 61
24354
25270 64
25328
25628 65
25924
28070 72
28366
28666 73
28962
