916 3
1280
1882 5
1984
3217 9
3225
3524 10
3569
5395 16
5691
5994 17
7099
7709 19
7772
8075 20
8109
8410 21
8462
8765 22
8810
9111 23
9219
9522 24
9550
9851 25
9897
10200 26
10239
10540 27
10636
10939 28
10964
11265 29
11308
11611 30
11647
11948 31
12037
12340 32
12370
12671 33
12719
13022 34
13073
13374 35
13443
13746 36
13808
14109 37
14250
14553 38
14613
14916 39
14981
15282 40
16351
16654 41
16708
17011 42
17072
17390 43
17433
18030 45
19794
20710 48
20768
21068 49
21364
23506 56
23802
24098 57
24394
