917 3
1341
2858 8
2960
3263 9
4434
6556 16
6852
7151 17
7230
7530 18
7826
8451 20
8494
9091 22
9776
11001 26
11297
11600 27
11678
11978 28
12274
13193 31
13489
13788 32
13867
14163 33
14459
15084 35
15127
15728 37
16492
17717 41
18013
18312 42
18390
18686 43
18982
20817 49
20999
21300 50
21535
23681 57
23977
24276 58
24397
24693 59
24985
26215 63
26511
26810 64
26902
27198 65
27494
28413 68
28709
29008 69
29130
29430 70
29726
30960 74
31256
31555 75
31647
31943 76
32239
33467 80
33763
34062 81
34148
34444 82
34740
35667 85
35963
36262 86
36384
36680 87
36976
38202 91
38498
38797 92
38889
39185 93
39481
41927 101
42223
42522 102
42639
42935 103
43227
43856 105
43903
44508 107
45439
46668 111
46964
47263 112
47381
47677 113
47969
48598 115
48645
49250 117
50185
51723 122
52019
52318 123
52404
52704 124
53000
53927 127
54223
54526 128
54644
54944 129
55240
55869 131
55916
56513 133
57448
