916 3
1273
2495 7
3460
4062 9
4066
4365 10
4391
4690 11
4719
5018 12
5038
5337 13
5360
5659 14
5680
5979 15
6003
6302 16
6318
6617 17
6636
6935 18
6944
7243 19
7254
7553 20
7587
7886 21
7924
8518 23
8607
8906 24
8938
9237 25
9247
9544 26
9696
9993 27
10163
10460 28
10577
10876 29
10908
11207 30
11231
11528 31
11708
12007 32
12051
12350 33
12399
12993 35
13082
13381 36
13413
13712 37
13722
14019 38
14171
14468 39
14638
14935 40
15052
15351 41
15383
15682 42
15706
16003 43
16183
16480 44
16678
16975 45
17120
17419 46
17451
17750 47
17788
18085 48
18293
18592 49
18645
18944 50
19003
19597 52
19686
19985 53
20017
20316 54
20326
20623 55
20775
21072 56
21242
21539 57
21656
21955 58
21987
22286 59
22310
22607 60
22787
23084 61
23282
23579 62
23724
24023 63
24055
24354 64
24392
24689 65
24897
25194 66
25420
25717 67
25890
26189 68
26221
26520 69
26572
