916 3
1280
1882 5
1984
3217 9
3228
3525 10
3558
5384 16
5680
5983 17
7088
7698 19
7761
8064 20
8084
8385 21
8427
8730 22
8761
9062 23
9145
9448 24
9468
9769 25
9811
10114 26
10145
10446 27
10529
10832 28
10852
11153 29
11195
11498 30
11529
11830 31
11913
12216 32
12241
12542 33
12589
12892 34
12926
13227 35
13283
13586 36
13631
13932 37
14043
14346 38
14385
14686 39
14747
15050 40
15105
15406 41
15483
15786 42
15852
16153 43
16306
16609 44
16626
16929 45
16957
17260 46
17282
17585 47
17616
17919 48
17961
18264 49
18300
18603 50
18651
18952 51
19022
19325 52
19384
19685 53
19824
20127 54
20180
20481 55
20556
20859 56
20929
21230 57
21322
21625 58
21706
22007 59
22190
22489 60
22506
22805 61
22833
23136 62
23158
23461 63
23492
23795 64
23837
24140 65
24176
24475 66
24520
24823 67
24879
25182 68
25232
25535 69
25597
25898 70
25982
26285 71
26358
26659 72
26826
27129 73
27196
27497 74
27586
27889 75
27973
28274 76
28380
28683 77
28778
29079 78
29290
29593 79
29653
29956 80
30021
30322 81
31879
32182 82
32236
32539 83
32600
32918 84
32961
33562 86
35326
36238 89
36296
36596 90
36892
39038 97
39334
39630 98
39926
