916 3
1273
1875 5
1977
2905 8
2916
3213 9
3241
4762 14
5856
6462 16
6525
6828 17
6846
7147 18
7182
7481 19
7510
7807 20
7880
8179 21
8202
8499 22
8539
8838 23
8880
9181 24
9240
9543 25
9596
9897 26
10018
10321 27
10336
10639 28
10665
10968 29
10988
11287 30
11323
11620 31
11673
11972 32
12019
12316 33
12425
12724 34
12739
13042 35
13068
13371 36
13391
13694 37
13731
14032 38
14086
14389 39
14437
14734 40
14845
15144 41
15159
15462 42
15488
15787 43
15807
16106 44
16138
16439 45
16488
16791 46
16834
17135 47
17236
17539 48
17558
17859 49
17896
18199 50
18229
18530 51
18607
18910 52
18931
19232 53
19271
19574 54
19606
19907 55
19988
20291 56
20311
20612 57
20649
20952 58
20983
21284 59
21361
21664 60
21689
21990 61
22032
22335 62
22369
22670 63
22721
23024 64
23069
23370 65
23475
23778 66
23817
24118 67
24174
24477 68
24532
24833 69
24905
25208 70
25274
25575 71
25722
26025 72
26042
26345 73
26373
26676 74
26698
27001 75
27032
27335 76
27377
27680 77
27716
28019 78
28067
28368 79
28433
28736 80
28795
29096 81
29229
29532 82
29585
29886 83
29956
30259 84
30329
30630 85
30717
31020 86
31101
31402 87
31579
31882 88
31899
32202 89
32230
32533 90
32555
32858 91
32889
33192 92
33234
33537 93
33573
33876 94
33921
34224 95
34280
34583 96
34633
34936 97
34998
35299 98
35378
35681 99
35754
36051 100
36212
36511 101
36578
36875 102
36959
37258 103
37342
37643 104
37744
38047 105
38142
38443 106
38648
38951 107
38975
39276 108
39318
39621 109
39656
39953 110
40040
40339 111
40367
40664 112
40710
41009 113
41048
41349 114
41444
41747 115
41781
42082 116
42134
42437 117
42482
42783 118
42890
43193 119
43253
43552 120
43617
43914 121
46136
46435 122
46489
