916 3
1273
2501 7
2512
2809 8
2837
4358 13
5325
5927 15
5931
6230 16
6256
6555 17
6584
6883 18
6891
7190 19
7208
7505 20
7540
7839 21
7868
8165 22
8238
8537 23
8560
8857 24
8897
9200 25
9232
9535 26
9577
9878 27
9937
10240 28
10293
10590 29
10711
11010 30
11030
11329 31
11352
11651 32
11659
11958 33
11973
12276 34
12302
12605 35
12625
12928 36
12954
13257 37
13293
13594 38
13647
13950 39
13997
14294 40
14403
14702 41
14723
15022 42
15046
15349 43
15357
15656 44
15671
15974 45
16000
16303 46
16323
16626 47
16653
16956 48
16993
17294 49
17348
17651 50
17699
18000 51
18111
18414 52
18430
18733 53
18752
19055 54
19063
19366 55
19381
19684 56
19710
20013 57
20033
20336 58
20358
20661 59
20693
20994 60
21043
21346 61
21389
21690 62
21791
22094 63
22103
22406 64
22414
22717 65
22739
23040 66
23117
23420 67
23431
23734 68
23742
24045 69
24067
24368 70
24449
24752 71
24786
25089 72
25127
25430 73
25440
25743 74
25763
26064 75
26101
26404 76
26435
26736 77
26813
27116 78
27141
27442 79
27484
27787 80
27811
28114 81
28148
28449 82
28500
28803 83
28848
29149 84
29254
29557 85
29596
29897 86
29953
30256 87
30301
30604 88
30659
30960 89
31032
31331 90
31397
31694 91
31841
32140 92
32184
32487 93
32536
32839 94
32849
33152 95
33169
33472 96
33500
33803 97
33825
34128 98
34152
34451 99
34482
34781 100
34823
35122 101
35158
35457 102
35495
35794 103
35842
36143 104
36208
36511 105
36570
36871 106
37004
37307 107
37360
37661 108
37731
38034 109
38094
38393 110
38463
38760 111
38847
39146 112
39227
39524 113
39701
40004 114
40057
40360 115
40419
40722 116
40732
41035 117
41052
41355 118
41383
41686 119
41708
42007 120
42031
42330 121
42361
42660 122
42702
43001 123
43037
43340 124
43378
43681 125
43726
44029 126
44085
44388 127
44438
44741 128
44793
45096 129
45158
45455 130
45534
45833 131
45906
46203 132
46364
46663 133
46730
47031 134
47115
47418 135
47492
47795 136
47879
48180 137
48281
48584 138
48679
48980 139
49185
49488 140
49502
49805 141
49813
50116 142
50138
50439 143
50526
50829 144
50847
51150 145
51158
51461 146
51483
51784 147
51879
52182 148
52206
52509 149
52517
52820 150
52842
53143 151
53250
53551 152
55537
