917 3
1279
3107 9
3209
3512 10
4692
5300 12
5596
5895 13
5954
6250 14
6546
7461 17
7757
8056 18
8125
8421 19
8717
12078 30
12374
12673 31
12744
13040 32
13336
13965 34
14008
14605 36
14973
15589 38
15885
16184 39
16254
16554 40
16850
17462 42
17842
19063 46
19359
19658 47
19731
20031 48
20327
20952 50
20995
21592 52
21937
22545 54
22841
23140 55
23212
23508 56
23804
24416 58
24744
25969 62
26265
26568 63
26647
26947 64
27243
27868 66
27911
28508 68
28854
29466 70
29758
30057 71
30127
30423 72
30719
31331 74
31651
32872 78
33168
33467 79
33545
33841 80
34137
34766 82
34809
35414 84
35760
36372 86
36668
36967 87
37037
37333 88
37625
38233 90
38573
40111 95
40407
40706 96
40781
41077 97
41369
41994 99
42037
42634 101
42960
43572 103
43868
44171 104
44239
44539 105
44835
45447 107
45826
