1216 3
1573
2795 7
3760
4362 9
4366
4665 10
4691
4990 11
5019
5318 12
5338
5637 13
5660
5959 14
5980
6279 15
6303
6602 16
6618
6917 17
6936
7235 18
7244
7543 19
7554
7853 20
7887
8186 21
8224
8523 22
8533
9127 24
9216
9515 25
9547
9846 26
9856
10153 27
10305
10604 28
10628
10925 29
11095
11392 30
11509
11808 31
11840
12139 32
12163
12460 33
12640
12939 34
12984
13281 35
13493
13790 36
13949
14248 37
14280
14579 38
14623
14922 39
14971
15270 40
15280
15874 42
15963
16262 43
16294
16593 44
16603
16900 45
17052
17351 46
17375
17672 47
17842
18139 48
18256
18555 49
18587
18886 50
18910
19207 51
19387
19686 52
19724
20021 53
20219
20516 54
20661
20960 55
20992
21291 56
21329
21626 57
21834
22133 58
22193
22490 59
22732
23029 60
23218
23517 61
23549
23848 62
23901
24200 63
24259
24558 64
24568
25162 66
25251
25550 67
25582
25881 68
25891
26188 69
26340
26639 70
26663
26960 71
27130
27427 72
27544
27843 73
27875
28174 74
28198
28495 75
28675
28974 76
29012
29309 77
29507
29804 78
29949
30248 79
30280
30579 80
30617
30914 81
31122
31421 82
31473
31770 83
31996
32293 84
32466
32765 85
32797
33096 86
33148
33445 87
33681
33980 88
34054
34351 89
34621
34918 90
35135
35434 91
35466
