916 3
1280
1882 5
1984
3217 9
3228
3525 10
3558
5384 16
5676
5979 17
7084
7694 19
7757
8060 20
8079
8380 21
8422
8725 22
8755
9056 23
9139
9442 24
9461
9762 25
9804
10107 26
10137
10438 27
10521
10824 28
10844
11145 29
11187
11490 30
11521
11822 31
11905
12208 32
12233
12534 33
12581
12884 34
12918
13219 35
13275
13578 36
13623
13924 37
14035
14338 38
14377
14678 39
14739
15042 40
15097
15398 41
15475
15778 42
15844
16145 43
16298
16601 44
16618
16921 45
16949
17252 46
17274
17577 47
17608
17911 48
17953
18256 49
18292
18595 50
18643
18944 51
19014
19317 52
19376
19677 53
19816
20119 54
20172
20473 55
20548
20851 56
20921
21222 57
21314
21617 58
21698
21999 59
22182
22481 60
22498
22797 61
22825
23128 62
23150
23453 63
23484
23787 64
23829
24132 65
24168
24467 66
24512
24815 67
24871
25174 68
25224
25527 69
25589
25890 70
25974
26277 71
26350
26651 72
26818
27121 73
27188
27489 74
27578
27881 75
27965
28266 76
28372
28675 77
28770
29071 78
29282
29585 79
29645
29948 80
30013
30314 81
31871
32174 82
32228
32531 83
32592
32910 84
32953
33554 86
35232
36144 89
36202
36502 90
36798
38944 97
39240
39536 98
39832
