916 3
1273
1875 5
1977
2905 8
2913
3212 9
3257
4778 14
5872
6478 16
6547
6850 17
6865
7168 18
7194
7493 19
7513
7812 20
7851
8150 21
8200
8499 22
8514
8813 23
8839
9142 24
9162
9465 25
9498
9801 26
9845
10148 27
10163
10466 28
10492
10795 29
10815
11114 30
11148
11447 31
11492
11791 32
11806
12105 33
12131
12430 34
12450
12753 35
12782
13085 36
13125
13428 37
13444
13747 38
13774
14077 39
14095
14394 40
14423
14722 41
14739
15042 42
15070
15369 43
15391
15690 44
15721
16024 45
16066
16369 46
16405
16708 47
16760
17063 48
17126
17429 49
17446
17749 50
17777
18080 51
18102
18405 52
18436
18739 53
18781
19084 54
19120
19423 55
19468
19771 56
19827
20130 57
20180
20483 58
20550
20853 59
20931
21234 60
21251
21554 61
21582
21885 62
21907
22210 63
22241
22544 64
22586
22889 65
22925
23228 66
23273
23576 67
23632
23935 68
23985
24288 69
24347
24650 70
24720
25023 71
25087
25390 72
25471
25774 73
25866
26169 74
26190
26493 75
26525
26828 76
26853
27156 77
27192
27495 78
27526
27829 79
27871
28174 80
28240
28543 81
28614
28915 82
31137
31440 83
31500
