917 3
1291
3118 9
3220
3534 10
3577
4174 12
4873
8509 24
8525
8839 25
8882
9487 27
9913
10525 29
10821
11124 30
11225
11525 31
11821
12433 33
12860
14093 37
14389
14692 38
14789
15089 39
15385
16014 41
16057
16654 43
17065
17673 45
17969
18268 46
18359
18655 47
18951
19559 49
20025
21254 53
21546
21845 54
21943
22239 55
22531
23160 57
23203
23800 59
24180
24792 61
25088
25387 62
25478
25778 63
26074
26682 65
27119
28344 69
28640
28943 70
29039
29339 71
29635
30264 73
30307
30908 75
31331
31939 77
32235
32534 78
32625
32921 79
33217
33829 81
34266
35499 85
35795
36094 86
36191
36487 87
36783
37408 89
37451
38048 91
38444
39052 93
39348
39647 94
39738
40038 95
40334
40942 97
41423
42331 100
42347
42646 101
42676
43292 103
43588
43891 104
43977
44277 105
44573
45202 107
45245
45850 109
46564
47478 112
47604
47918 113
47961
48566 115
48900
49516 117
49812
50115 118
50196
50496 119
50792
51404 121
51854
52774 124
52783
53101 125
53144
53749 127
54149
54765 129
55061
55364 130
55452
55752 131
56048
56660 133
57142
58375 137
58671
58974 138
59057
59357 139
59653
60282 141
60325
60930 143
61266
61882 145
62178
62481 146
62557
62857 147
63153
63765 149
64229
65149 152
65172
65490 153
65533
66138 155
66540
67156 157
67452
67755 158
67844
68144 159
68440
69052 161
69549
70782 165
71078
71381 166
71465
71765 167
72061
72690 169
72733
73338 171
73808
74424 173
74720
75023 174
75102
75402 175
75698
76310 177
76745
77978 181
78274
78577 182
78661
78961 183
79257
79886 185
79929
80534 187
80974
81590 189
81886
82189 190
82268
82568 191
82864
83476 193
83913
