1225 3
1589
2191 5
2293
3526 9
3534
3833 10
3882
5708 16
6004
6307 17
7412
8022 19
8085
8388 20
8405
8708 21
8736
9039 22
9056
9359 23
9387
9690 24
9707
10010 25
10038
10341 26
10363
10666 27
10697
11000 28
11042
11345 29
11381
11684 30
11729
12032 31
12088
12391 32
12441
12744 33
12814
13115 34
13207
13510 35
13591
13892 36
14075
14378 37
14395
14698 38
14726
15029 39
15051
15354 40
15385
15688 41
15730
16033 42
16069
16372 43
16427
16728 44
16805
17108 45
17174
17475 46
17628
17931 47
17991
18294 48
18359
18660 49
20146
20449 50
20503
20806 51
20867
21185 52
21228
21825 54
23530
24446 57
24504
24804 58
25100
27250 65
27546
27842 66
28138
