916 3
1280
1882 5
1984
3217 9
3228
3525 10
3553
5074 15
6185
6795 17
6858
7161 18
7181
7482 19
7519
7818 20
7849
8146 21
8223
8522 22
8547
8848 23
8890
9189 24
9223
9524 25
9575
9878 26
9923
10224 27
10329
10632 28
10671
10972 29
11028
11327 30
11382
11679 31
11751
12054 32
12120
12417 33
12564
12863 34
12880
13183 35
13211
13514 36
13536
13839 37
13870
14173 38
14215
14518 39
14554
14853 40
14901
15198 41
15263
15562 42
15621
15918 43
16051
16350 44
16403
16704 45
16774
17077 46
17147
17448 47
17535
17838 48
17919
18220 49
18397
18700 50
18717
19020 51
19048
19351 52
19373
19676 53
19707
20010 54
20052
20355 55
20391
20694 56
20739
21042 57
21098
21401 58
21451
21754 59
21816
22117 60
22196
22499 61
22572
22873 62
23034
23337 63
23404
23705 64
23789
24092 65
24176
24477 66
24578
24881 67
24976
25277 68
25482
25785 69
25804
26105 70
26142
26445 71
26475
26776 72
26853
27156 73
27175
27476 74
27513
27816 75
27846
28147 76
28224
28527 77
28587
28890 78
28955
29256 79
30693
30996 80
31050
31353 81
31414
31732 82
31775
32380 84
34066
34986 87
35044
36570 92
36633
37237 94
37314
37615 95
37707
38008 96
38114
38411 97
38452
38749 98
38790
39089 99
39149
39448 100
39530
