1249 3
1623
3462 9
3505
4102 11
4801
8437 23
8453
9061 25
9357
9660 26
9757
10057 27
10353
10978 29
11021
11622 31
12033
12641 33
12937
13236 34
13327
13623 35
13919
14531 37
15245
16470 41
16766
17065 42
17160
17456 43
17752
18377 45
18420
19017 47
19379
19991 49
20283
20586 50
20677
20977 51
21273
21885 53
22599
23820 57
24116
24415 58
24511
24807 59
25103
25728 61
25771
26372 63
26739
27351 65
27647
27946 66
28037
28333 67
28629
29241 69
29955
31184 73
31480
31783 74
31880
32180 75
32476
33105 77
33148
33745 79
34141
34749 81
35045
35344 82
35435
35735 83
36027
36639 85
37397
38309 88
38339
