1216 3
1573
2795 7
3760
4362 9
4366
4665 10
4691
4990 11
5019
5318 12
5326
5623 13
5761
6058 14
6143
6442 15
6474
6773 16
6781
7078 17
7226
7525 18
7557
7854 19
8040
8337 20
8470
8769 21
8801
9100 22
9120
9419 23
9442
9741 24
9749
10343 26
10428
10727 27
10759
11058 28
11066
11363 29
11511
11810 30
11836
12430 32
12551
12850 33
12882
13181 34
13202
13501 35
13525
13824 36
13832
14426 38
14511
14810 39
14842
15141 40
15149
15446 41
15594
15893 42
15920
16217 43
16393
16690 44
16813
17112 45
17144
17443 46
17459
17758 47
17777
18076 48
18084
18678 50
18763
19062 51
19094
19393 52
19401
19698 53
19846
20145 54
20167
20464 55
20630
20927 56
21040
21339 57
21371
21670 58
21679
21978 59
21989
22288 60
22322
22621 61
22659
22958 62
22968
23265 63
23407
23704 64
23793
24092 65
24124
24423 66
24433
24730 67
24882
25181 68
25205
25502 69
25672
25969 70
26086
26385 71
26417
26716 72
26740
27037 73
27217
27516 74
27561
27858 75
28070
28367 76
28526
28825 77
28857
29156 78
29200
29499 79
29548
29847 80
29857
30451 82
30540
30839 83
30871
31170 84
31180
31477 85
31629
31928 86
31952
32249 87
32419
32716 88
32833
33132 89
33164
33463 90
33487
33784 91
33964
34263 92
34301
34598 93
34796
35093 94
35238
35537 95
35569
35868 96
35906
36203 97
36411
36710 98
36770
37067 99
37309
37606 100
37795
38094 101
38126
38425 102
38478
38781 103
38840
39143 104
39153
39747 106
39836
40135 107
40167
40470 108
40480
40781 109
40933
41232 110
41256
41553 111
41723
42020 112
42137
42440 113
42472
42775 114
42799
43096 115
43276
43575 116
43613
43910 117
44108
44409 118
44554
44857 119
44889
45188 120
45226
45523 121
45731
46030 122
46082
46383 123
46609
46910 124
47083
47386 125
47418
47717 126
47769
48070 127
48306
48609 128
48683
49285 130
49502
49805 131
49837
