1216 3
1573
2795 7
3769
4371 9
4375
4674 10
4700
4999 11
5028
5325 12
5461
5760 13
5791
6088 14
6173
6470 15
6616
6915 16
6935
7234 17
7257
7554 18
7690
7989 19
8020
8317 20
8402
8699 21
8845
9144 22
9165
9464 23
9488
9785 24
9921
10220 25
10251
10548 26
10633
10930 27
11076
11375 28
11391
11690 29
11709
12006 30
12142
12441 31
12472
12769 32
12854
13151 33
13297
13596 34
13605
13904 35
13915
14214 36
14248
14547 37
14585
14882 38
15022
15321 39
15354
15651 40
15740
16037 41
16187
16486 42
16530
16829 43
16878
17175 44
17315
17614 45
17647
17944 46
18033
18330 47
18480
18779 48
18804
19101 49
19159
19456 50
19523
