916 3
1280
1882 5
1984
3217 9
3225
3524 10
3573
5399 16
5695
5998 17
7103
7713 19
7776
8079 20
8096
8399 21
8427
8730 22
8747
9050 23
9078
9381 24
9398
9701 25
9729
10032 26
10054
10357 27
10388
10691 28
10733
11036 29
11072
11375 30
11420
11723 31
11779
12082 32
12132
12435 33
12502
12805 34
12883
13186 35
13203
13506 36
13534
13837 37
13859
14162 38
14193
14496 39
14538
14841 40
14877
15180 41
15232
15535 42
15598
15901 43
15961
16264 44
16329
16630 45
18116
18419 46
18473
18776 47
18837
19155 48
19198
19799 50
21644
22564 53
22622
22922 54
23218
25364 61
25660
25959 62
26022
26630 64
26671
26968 65
27009
27306 66
27398
27695 67
27764
28065 68
28142
28443 69
28498
28801 70
28861
29164 71
29246
29546 72
29842
