917 3
1279
3107 9
3209
3512 10
4692
5300 12
5596
5895 13
5954
6250 14
6546
7461 17
7757
8056 18
8125
8421 19
8717
12078 30
12374
12673 31
12746
13042 32
13338
13967 34
14010
14607 36
14950
15566 38
15862
16161 39
16233
16533 40
16829
17441 42
17767
18988 46
19284
19583 47
19654
19954 48
20246
20871 50
20914
21511 52
21873
22481 54
22777
23076 55
23146
23442 56
23738
24350 58
24703
25928 62
26220
26523 63
26602
26902 64
27198
27823 66
27866
28463 68
28814
29426 70
29722
30021 71
30091
30387 72
30683
31295 74
31615
32836 78
33132
33431 79
33509
33805 80
34097
34726 82
34769
35374 84
35715
36327 86
36623
36922 87
36992
37288 88
37584
38192 90
38527
40065 95
40361
40660 96
40745
41041 97
41337
41962 99
42005
42602 101
42928
43540 103
43836
44139 104
44217
44517 105
44813
45425 107
45804
