1217 3
1574
2176 5
2278
3206 8
3214
3513 9
3558
5079 14
6173
6779 16
6783
7086 17
7101
7404 18
7430
7729 19
7749
8048 20
8087
8386 21
8436
8735 22
8750
9049 23
9075
9378 24
9398
9701 25
9734
10037 26
10081
10384 27
10399
10702 28
10728
11031 29
11051
11350 30
11384
11683 31
11728
12027 32
12042
12341 33
12367
12666 34
12686
12989 35
13018
13321 36
13361
13664 37
13680
13983 38
14010
14313 39
14331
14630 40
14659
14958 41
14975
15278 42
15306
15605 43
15627
15926 44
15957
16260 45
16302
16605 46
16641
16944 47
16996
17299 48
17362
17665 49
17682
17985 50
18013
18316 51
18338
18641 52
18672
18975 53
19017
19320 54
19356
19659 55
19704
20007 56
20063
20366 57
20416
20719 58
20786
21089 59
21167
21470 60
21487
21790 61
21818
22121 62
22143
22446 63
22477
22780 64
22822
23125 65
23161
23464 66
23509
23812 67
23868
24171 68
24221
24524 69
24583
24886 70
24956
25259 71
25323
25626 72
25707
26010 73
26102
26405 74
26426
26729 75
26761
27064 76
27089
27392 77
27428
27731 78
27762
28065 79
28107
28408 80
30630
