1225 3
1589
2191 5
2293
3526 9
3537
3834 10
3868
5694 16
5990
6293 17
7398
8008 19
8071
8374 20
8408
8709 21
8766
9069 22
9114
9415 23
9528
9831 24
9859
10160 25
10211
10514 26
10553
10854 27
10955
11258 28
11283
11584 29
11632
11935 30
11971
12272 31
12366
12669 32
12699
13000 33
13053
13356 34
13407
13708 35
13782
14085 36
14147
14448 37
14594
14897 38
14957
15260 39
15325
15626 40
16239
16542 41
16596
16899 42
16960
17278 43
17321
17918 45
19743
20659 48
20717
21017 49
21313
23455 56
23751
24047 57
24343
