1225 3
1589
2191 5
2293
3221 8
3229
3528 9
3573
5094 14
6209
6815 16
6878
7181 17
7201
7502 18
7539
7838 19
7869
8166 20
8243
8542 21
8567
8864 22
8906
9205 23
9239
9540 24
9591
9894 25
9939
10240 26
10345
10648 27
10687
10988 28
11044
11347 29
11402
11699 30
11771
12070 31
12136
12433 32
12580
12879 33
12896
13195 34
13223
13526 35
13548
13851 36
13882
14185 37
14227
14530 38
14566
14869 39
14917
15214 40
15279
15578 41
15637
15938 42
16071
16370 43
16423
16720 44
16790
17093 45
17163
17464 46
17551
17854 47
17935
18236 48
18413
18716 49
18733
19036 50
19064
19367 51
19389
19692 52
19723
20026 53
20068
20371 54
20407
20710 55
20755
21058 56
21114
21417 57
21467
21770 58
21832
22133 59
22212
22515 60
22588
22889 61
23050
23353 62
23420
23721 63
23805
24108 64
24192
24493 65
24594
24897 66
24992
25293 67
25498
25801 68
25820
26121 69
26158
26461 70
26491
26792 71
26869
27172 72
27191
27492 73
27529
27832 74
27862
28163 75
28240
28543 76
28603
28906 77
28971
29272 78
30709
31012 79
31066
31384 80
31427
32024 82
33700
