1216 3
1573
2795 7
3762
4364 9
4368
4667 10
4693
4992 11
5021
5320 12
5328
5625 13
5673
5970 14
6055
6354 15
6386
6685 16
6693
6990 17
7043
7342 18
7374
7968 20
8101
8400 21
8432
8731 22
8751
9050 23
9073
9372 24
9380
9974 26
10059
10358 27
10390
10689 28
10697
10994 29
11142
11441 30
11467
11764 31
11830
12127 32
12248
12547 33
12579
12878 34
12899
13198 35
13222
13521 36
13529
14123 38
14208
14507 39
14539
14838 40
14846
15143 41
15291
15590 42
15617
15914 43
15981
16278 44
16401
16700 45
16732
17031 46
17047
17346 47
17365
17664 48
17672
17969 49
18107
18404 50
18489
18788 51
18820
19119 52
19127
19424 53
19572
19871 54
19893
20190 55
20252
20549 56
20662
20961 57
20993
21292 58
21301
21598 59
21647
21944 60
22033
22332 61
22343
22640 62
22691
22988 63
23081
23380 64
23414
23713 65
23751
24050 66
24060
24654 68
24743
25042 69
25074
25373 70
25383
25680 71
25735
26034 72
26058
26355 73
26419
26716 74
26833
27132 75
27164
27463 76
27487
27784 77
27853
28152 78
28197
28494 79
28579
28876 80
29035
29334 81
29366
29665 82
29709
30008 83
30057
30356 84
30366
30960 86
31049
31348 87
31380
31679 88
31689
31986 89
32138
32437 90
32461
32758 91
32928
33225 92
33342
33641 93
33673
33972 94
33996
34293 95
34473
34772 96
34810
35107 97
35185
35482 98
35627
35926 99
35958
36257 100
36295
36592 101
36675
36974 102
37034
37335 103
37435
37736 104
37925
38224 105
38256
38555 106
38608
38907 107
38966
39269 108
39279
39877 110
39966
40265 111
40297
40596 112
40606
40907 113
41059
41362 114
41386
41683 115
41853
42150 116
42267
42566 117
42598
42901 118
42925
43226 119
43406
43705 120
43743
44040 121
44238
44535 122
44680
44983 123
45015
45318 124
45356
45657 125
45865
46164 126
46216
46517 127
46609
46910 128
47083
47386 129
47418
47721 130
47773
48074 131
48171
48474 132
48548
48849 133
48963
49264 134
49481
49784 135
49816
50119 136
50133
50434 137
50488
50789 138
50888
51191 139
51209
51510 140
51568
51869 141
51976
52279 142
52303
52604 143
52668
52969 144
53088
53389 145
56103
