916 3
1273
2495 7
3462
4064 9
4068
4367 10
4393
4692 11
4721
5020 12
5028
5622 14
5707
6006 15
6038
6337 16
6345
6642 17
6790
7089 18
7121
7715 20
7848
8147 21
8179
8478 22
8498
8797 23
8820
9119 24
9127
9721 26
9806
10105 27
10137
10436 28
10444
10741 29
10889
11188 30
11214
11511 31
11685
11982 32
12103
12402 33
12434
12733 34
12754
13053 35
13077
13376 36
13384
13681 37
13819
14116 38
14201
14500 39
14532
14831 40
14839
15136 41
15284
15583 42
15610
15907 43
16083
16380 44
16503
16802 45
16834
17133 46
17149
17448 47
17467
17766 48
17774
18071 49
18209
18506 50
18591
18890 51
18922
19221 52
19229
19526 53
19674
19973 54
19995
20292 55
20458
20755 56
20868
21167 57
21199
21498 58
21507
21804 59
21944
22243 60
22273
22570 61
22659
22958 62
22969
23266 63
23410
23709 64
23741
24038 65
24131
24430 66
24464
24763 67
24801
25100 68
25110
25704 70
25793
26092 71
26124
26423 72
26433
26730 73
26882
27181 74
27205
27502 75
27672
27969 76
28086
28385 77
28417
28716 78
28740
29037 79
29217
29516 80
29561
30155 82
30314
30613 83
30645
30944 84
30988
31287 85
31336
31635 86
31645
31942 87
32084
32381 88
32470
32769 89
32801
33100 90
33110
33407 91
33559
33858 92
33882
34179 93
34349
34646 94
34763
35062 95
35094
35393 96
35417
35714 97
35894
36193 98
36231
36528 99
36726
37023 100
37168
37467 101
37499
37798 102
37836
38137 103
38345
38648 104
38708
39005 105
39247
39544 106
39733
40032 107
40064
40367 108
40420
40723 109
40782
41081 110
41091
41388 111
41530
41827 112
41916
42219 113
42251
42554 114
42564
42861 115
43013
43312 116
43336
43633 117
43803
44104 118
44221
44524 119
44556
44855 120
44879
45176 121
45356
45655 122
45693
45994 123
46192
46493 124
46638
46941 125
46973
47272 126
47310
47611 127
47819
48122 128
48174
48475 129
48701
49002 130
49175
49478 131
49510
49813 132
49865
50166 133
50402
50705 134
50779
51080 135
51350
51651 136
51868
52171 137
52203
52506 138
52520
52821 139
52971
53274 140
53309
53610 141
53709
54012 142
54030
54331 143
54489
54792 144
54831
55132 145
55239
55542 146
55566
55867 147
56037
56340 148
56385
56686 149
56805
