1249 3
1619
3136 8
3238
3541 9
4716
6838 16
7134
7433 17
7512
7812 18
8108
8733 20
8776
9373 22
10137
11362 26
11658
11961 27
12039
12339 28
12635
13554 31
13850
14149 32
14228
14524 33
14820
15445 35
15488
16089 37
16774
17999 41
18295
18594 42
18672
18968 43
19264
21099 49
21281
21582 50
21817
23658 56
23954
24253 57
24353
24649 58
24945
26171 62
26467
26770 63
26862
27162 64
27458
28373 67
28669
28968 68
29068
29364 69
29660
30890 73
31186
31489 74
31581
31881 75
32173
33096 78
33392
33691 79
33791
34087 80
34383
35617 84
35913
36216 85
36308
36608 86
36904
37827 89
38123
38422 90
38522
38818 91
39114
