1217 3
1574
2176 5
2278
3206 8
3214
3513 9
3558
5079 14
6173
6779 16
6842
7145 17
7160
7463 18
7489
7788 19
7808
8107 20
8146
8445 21
8495
8794 22
8809
9108 23
9134
9437 24
9457
9760 25
9793
10096 26
10140
10443 27
10458
10761 28
10787
11090 29
11110
11409 30
11443
11742 31
11787
12086 32
12101
12400 33
12426
12725 34
12745
13048 35
13077
13380 36
13420
13723 37
13739
14042 38
14069
14372 39
14390
14689 40
14718
15017 41
15034
15337 42
15365
15664 43
15686
15985 44
16016
16319 45
16361
16960 46
16996
