916 3
1273
2495 7
3462
4064 9
4068
4367 10
4393
4692 11
4721
5020 12
5028
5622 14
5707
6006 15
6038
6337 16
6345
6642 17
6695
6994 18
7026
7323 19
7395
7692 20
7825
8124 21
8156
8455 22
8475
8774 23
8797
9096 24
9104
9401 25
9539
9836 26
9921
10220 27
10252
10551 28
10559
10856 29
11004
11303 30
11329
11626 31
11692
11989 32
12110
12409 33
12441
12740 34
12761
13060 35
13084
13383 36
13391
13985 38
14070
14369 39
14401
14700 40
14708
15005 41
15153
15452 42
15479
16073 44
16196
16495 45
16527
16826 46
16842
17141 47
17160
17459 48
17467
18061 50
18146
18445 51
18477
18776 52
18784
19081 53
19229
19528 54
19550
19847 55
19909
20206 56
20319
20618 57
20650
20949 58
20958
21255 59
21304
21601 60
21690
21989 61
22000
22297 62
22348
22645 63
22738
23037 64
23071
23370 65
23408
23707 66
23717
24311 68
24400
24699 69
24731
25030 70
25040
25337 71
25392
25691 72
25715
26012 73
26076
26373 74
26490
26789 75
26821
27120 76
27144
27441 77
27510
27809 78
27854
28151 79
28236
28533 80
28692
28991 81
29023
29322 82
29366
29665 83
29714
30013 84
30023
30320 85
30462
30759 86
30848
31147 87
31179
31478 88
31488
31785 89
31937
32236 90
32260
32557 91
32727
33024 92
33141
33440 93
33472
33771 94
33795
34092 95
34272
34571 96
34609
34906 97
34984
35281 98
35426
35725 99
35757
36056 100
36094
36391 101
36474
36773 102
36833
37134 103
37234
37535 104
37724
38023 105
38055
38354 106
38407
38706 107
38765
39068 108
39078
39676 110
39765
40064 111
40096
40395 112
40405
40706 113
40858
41161 114
41185
41482 115
41652
41949 116
42066
42365 117
42397
42700 118
42724
43025 119
43205
43504 120
43542
44136 122
44281
44584 123
44616
44919 124
44957
45258 125
45466
45765 126
45817
46118 127
46210
46511 128
46684
46987 129
47019
47322 130
47374
47675 131
47772
48075 132
48149
48450 133
48564
48865 134
49082
49385 135
49417
49720 136
49734
50035 137
50089
50390 138
50489
50792 139
50810
51111 140
51169
51470 141
51577
51880 142
51904
52205 143
52269
52570 144
52689
