1217 3
1574
2802 7
2813
3110 8
3138
4659 13
5626
6228 15
6232
6531 16
6549
6846 17
6881
7180 18
7209
7506 19
7579
7878 20
7901
8198 21
8238
8537 22
8579
8876 23
8935
9234 24
9287
9588 25
9709
10012 26
10027
10330 27
10356
10659 28
10679
10978 29
11014
11311 30
11364
11663 31
11710
12007 32
12116
12415 33
12430
12733 34
12759
13062 35
13082
13385 36
13422
13723 37
13777
14080 38
14128
14429 39
14540
14839 40
14854
15153 41
15179
15478 42
15498
15801 43
15833
16130 44
16179
16482 45
16525
16826 46
16927
17230 47
17249
17550 48
17587
17890 49
17912
18213 50
18290
18593 51
18614
18915 52
18954
19257 53
19279
19580 54
19661
19964 55
19984
20285 56
20322
20625 57
20656
20957 58
21034
21337 59
21362
21663 60
21705
22008 61
22042
22343 62
22394
22697 63
22742
23043 64
23148
23451 65
23490
23791 66
23847
24150 67
24205
24506 68
24578
24881 69
24947
25248 70
25395
25698 71
25715
26018 72
26046
26349 73
26371
26674 74
26705
27008 75
27050
27353 76
27389
27692 77
27740
28041 78
28106
28409 79
28468
28769 80
28902
29205 81
29258
29559 82
29629
29932 83
30002
30303 84
30390
30693 85
30774
31075 86
31252
31555 87
31572
31875 88
31903
32206 89
32228
32527 90
32558
32857 91
32899
33198 92
33234
33537 93
33582
33885 94
33941
34244 95
34294
34597 96
34659
34960 97
35039
35342 98
35415
35712 99
35873
36172 100
36239
36536 101
36620
36919 102
37003
37300 103
37401
37704 104
37799
38100 105
38305
38608 106
38632
38933 107
38975
39278 108
39300
39601 109
39688
39987 110
40015
40312 111
40358
40657 112
40679
40976 113
41071
41374 114
41408
41709 115
41761
42064 116
42086
42387 117
42494
42795 118
45017
