1216 3
1573
2795 7
3760
4362 9
4366
4665 10
4691
4990 11
5019
5318 12
5326
5920 14
6005
6304 15
6336
6635 16
6643
6940 17
7088
7387 18
7419
7716 19
7902
8199 20
8332
8631 21
8663
8962 22
8982
9281 23
9304
9603 24
9611
10205 26
10290
10589 27
10621
10920 28
10928
11225 29
11373
11672 30
11698
11995 31
12169
12466 32
12587
12886 33
12918
13217 34
13238
13537 35
13561
13860 36
13868
14462 38
14547
14846 39
14878
15177 40
15185
15482 41
15630
15929 42
15956
16253 43
16429
16726 44
16849
17148 45
17180
17479 46
17495
17794 47
17813
18112 48
18120
18714 50
18799
19098 51
19130
19429 52
19437
19734 53
19882
20181 54
20203
20500 55
20666
20963 56
21076
21375 57
21407
21706 58
21715
22012 59
22061
22358 60
22446
22745 61
22756
23053 62
23104
23401 63
23493
23792 64
23826
24125 65
24163
24462 66
24472
25066 68
25155
25454 69
25486
25785 70
25795
26092 71
26244
26543 72
26567
26864 73
27034
27331 74
27448
27747 75
27779
28078 76
28102
28399 77
28579
28878 78
28923
29220 79
29432
29729 80
29888
30187 81
30219
30518 82
30562
30861 83
30910
31209 84
31219
31813 86
31902
32201 87
32233
32532 88
32542
32839 89
32991
33290 90
33314
33611 91
33781
34078 92
34195
34494 93
34526
34825 94
34849
35146 95
35326
35625 96
35663
35960 97
36158
36455 98
36600
36899 99
36931
37230 100
37268
37565 101
37773
38072 102
38132
38433 103
38675
38976 104
39165
39464 105
39496
39795 106
39848
40147 107
40206
40509 108
40519
41117 110
41206
41505 111
41537
41836 112
41846
42147 113
42299
42602 114
42626
42923 115
43093
43390 116
43507
43806 117
43838
44141 118
44165
44466 119
44646
44945 120
44983
45280 121
45478
45775 122
45920
46223 123
46255
46558 124
46596
46897 125
47105
47404 126
47456
47757 127
47983
48284 128
48457
48760 129
48792
49095 130
49147
49448 131
49684
49987 132
50061
50362 133
50632
50933 134
51150
51453 135
51485
