1216 3
1573
2795 7
3766
4368 9
4372
4671 10
4697
4996 11
5025
5322 12
5458
5757 13
5788
6085 14
6170
6467 15
6613
6912 16
6928
7225 17
7291
7590 18
7610
7909 19
7932
8229 20
8365
8664 21
8695
8992 22
9077
9374 23
9520
9819 24
9835
10132 25
10192
10491 26
10512
10811 27
10835
11132 28
11268
11567 29
11598
11895 30
11980
12277 31
12423
12722 32
12738
13035 33
13096
13395 34
13411
13710 35
13729
14026 36
14162
14461 37
14492
14789 38
14874
15171 39
15317
15616 40
15632
15929 41
15985
16284 42
16293
16592 43
16603
16902 44
16936
17235 45
17273
17570 46
17710
18009 47
18042
18339 48
18428
18725 49
18875
19174 50
19190
19487 51
19545
