1225 3
1589
2191 5
2293
3526 9
3534
3833 10
3878
5399 15
6514
7124 17
7187
7490 18
7507
7810 19
7838
8137 20
8159
8458 21
8489
8788 22
8830
9133 23
9169
9468 24
9520
9823 25
9886
10189 26
10206
10509 27
10537
10840 28
10862
11165 29
11196
11495 30
11537
11836 31
11872
12175 32
12220
12519 33
12575
12874 34
12924
13227 35
13294
13597 36
13675
13978 37
13995
14298 38
14326
14629 39
14651
14950 40
14981
15280 41
15322
15621 42
15657
15956 43
16001
16300 44
16356
16659 45
16709
17012 46
17071
17374 47
17444
17747 48
17811
18114 49
18195
18498 50
18590
18893 51
18909
19212 52
19239
19542 53
19558
19861 54
19888
20191 55
20251
20554 56
20619
20920 57
22357
22660 58
22714
23032 59
23075
23676 61
25499
27639 68
28348
