916 3
1280
1882 5
1984
3217 9
3228
3525 10
3559
5385 16
5681
5984 17
7089
7699 19
7762
8065 20
8099
8400 21
8457
8760 22
8805
9106 23
9219
9522 24
9550
9851 25
9902
10205 26
10244
10545 27
10646
10949 28
10974
11275 29
11323
11626 30
11662
11963 31
12057
12360 32
12390
12691 33
12744
13047 34
13098
13399 35
13473
13776 36
13838
14139 37
14285
14588 38
14648
14951 39
15016
15317 40
15930
16233 41
16287
16590 42
16651
16969 43
17012
17609 45
19294
20210 48
20268
20568 49
20864
23006 56
23302
23598 57
23894
