916 3
1273
2495 7
3462
4064 9
4068
4367 10
4393
4692 11
4721
5020 12
5028
5325 13
5373
5670 14
5755
6054 15
6086
6385 16
6393
6690 17
6743
7042 18
7074
7371 19
7443
7740 20
7873
8172 21
8204
8503 22
8523
8822 23
8845
9144 24
9152
9746 26
9831
10130 27
10162
10461 28
10469
10766 29
10914
11213 30
11239
11536 31
11602
11899 32
12020
12319 33
12351
12650 34
12671
12970 35
12994
13293 36
13301
13895 38
13980
14279 39
14311
14610 40
14618
14915 41
15063
15362 42
15389
15686 43
15753
16050 44
16173
16472 45
16504
16803 46
16819
17118 47
17137
17436 48
17444
18038 50
18123
18422 51
18454
18753 52
18761
19058 53
19206
19505 54
19527
19824 55
19886
20183 56
20296
20595 57
20627
20926 58
20935
21232 59
21281
21578 60
21667
21966 61
21977
22274 62
22325
22622 63
22715
23014 64
23048
23347 65
23385
23684 66
23694
24288 68
24377
24676 69
24708
25007 70
25017
25314 71
25369
25668 72
25692
25989 73
26053
26350 74
26467
26766 75
26798
27097 76
27121
27418 77
27487
27786 78
27831
28128 79
28213
28510 80
28669
28968 81
29000
29299 82
29343
29642 83
29691
29990 84
30000
30594 86
30683
30982 87
31014
31313 88
31323
31620 89
31772
32071 90
32095
32392 91
32562
32859 92
32976
33275 93
33307
33606 94
33630
33927 95
34107
34406 96
34444
34741 97
34819
35116 98
35261
35560 99
35592
35891 100
35929
36226 101
36309
36608 102
36668
36969 103
37069
37370 104
37559
37858 105
37890
38189 106
38242
38541 107
38600
38903 108
38913
39214 109
39356
39653 110
39742
40041 111
40073
40372 112
40382
40683 113
40835
41138 114
41162
41459 115
41629
41926 116
42043
42342 117
42374
42677 118
42701
43002 119
43182
43481 120
43519
43816 121
44014
44311 122
44456
44759 123
44791
45094 124
45132
45433 125
45641
45940 126
45992
46293 127
46385
46686 128
46859
47162 129
47194
47497 130
47549
47850 131
47947
48250 132
48324
48625 133
48739
49040 134
49257
49560 135
49592
49895 136
49909
50210 137
50264
50565 138
50664
50967 139
50985
51286 140
51344
51645 141
51752
52055 142
52079
52380 143
52444
52745 144
52864
53165 145
55879
