1225 3
1589
2191 5
2293
3526 9
3534
3833 10
3878
5399 15
6510
7120 17
7183
7486 18
7503
7806 19
7834
8133 20
8155
8454 21
8485
8784 22
8826
9129 23
9165
9464 24
9516
9819 25
9882
10185 26
10202
10505 27
10533
10836 28
10858
11161 29
11192
11491 30
11533
11832 31
11868
12171 32
12216
12515 33
12571
12870 34
12920
13223 35
13290
13593 36
13671
13974 37
13991
14294 38
14322
14625 39
14647
14946 40
14977
15276 41
15318
15617 42
15653
15952 43
15997
16296 44
16352
16655 45
16705
17008 46
17067
17370 47
17440
17743 48
17807
18110 49
18191
18494 50
18586
18889 51
18905
19208 52
19235
19538 53
19554
19857 54
19884
20187 55
20247
20550 56
20615
20916 57
22354
22657 58
22711
23014 59
23075
23393 60
23436
24033 62
25851
26767 65
26825
28355 70
28418
29026 72
29103
29406 73
29458
29761 74
29794
30095 75
30187
30486 76
30552
30851 77
30884
31185 78
31291
31590 79
31670
31971 80
32060
32361 81
32402
32703 82
32744
33047 83
33107
33410 84
33492
