917 3
1291
3118 9
3220
3534 10
3577
4174 12
4873
8509 24
8525
9137 26
9433
9736 27
9833
10133 28
10425
11050 30
11093
11690 32
12101
12709 34
13005
13304 35
13395
13691 36
13987
14595 38
15618
16839 42
17135
17434 43
17529
17825 44
18121
18746 46
18789
19390 48
19752
20368 50
20664
20963 51
21054
21350 52
21646
22258 54
23281
24506 58
24802
25101 59
25197
25497 60
25793
26422 62
26465
27066 64
27433
28041 66
28337
28636 67
28727
29023 68
29319
29927 70
30950
32183 74
32479
32778 75
32875
33171 76
33467
34092 78
34135
34732 80
35128
35740 82
36036
36339 83
36430
36730 84
37026
37638 86
38705
39617 89
39633
39936 90
39966
40578 92
40874
41173 93
41259
41559 94
41855
42484 96
42527
43124 98
43838
44748 101
44874
45192 102
45235
45840 104
46174
46790 106
47086
47389 107
47470
47770 108
48062
48674 110
49077
