1225 3
1589
2191 5
2293
3526 9
3534
3833 10
3882
5708 16
6004
6307 17
7412
8022 19
8085
8388 20
8405
8708 21
8736
9039 22
9056
9359 23
9387
9690 24
9707
10010 25
10038
10341 26
10363
10666 27
10697
11000 28
11042
11345 29
11381
11684 30
11736
12039 31
12102
12405 32
12422
12725 33
12753
13056 34
13078
13381 35
13412
13715 36
13757
14060 37
14096
14399 38
14444
14747 39
14803
15106 40
15156
15459 41
15526
15829 42
15907
16210 43
16227
16530 44
16558
16861 45
16883
17186 46
17217
17520 47
17562
17865 48
17901
18204 49
18249
18552 50
18608
18911 51
18961
19264 52
19323
19626 53
19696
19999 54
20063
20366 55
20447
20750 56
20842
21145 57
21205
21508 58
21573
21874 59
23431
23730 60
23784
24083 61
24144
24462 62
24505
25106 64
26924
27836 67
27894
28194 68
28490
30644 75
30940
31236 76
31532
