916 3
1280
1882 5
1984
3217 9
3225
3524 10
3569
5090 15
6201
6811 17
6874
7177 18
7194
7497 19
7525
7824 20
7846
8145 21
8176
8475 22
8517
8820 23
8856
9155 24
9207
9510 25
9576
9877 26
10026
10329 27
10346
10649 28
10677
10980 29
11002
11301 30
11332
11631 31
11673
11976 32
12012
12311 33
12359
12656 34
12722
13025 35
13084
13385 36
13520
13823 37
13876
14177 38
14248
14551 39
14621
14918 40
15006
15305 41
15386
15683 42
15862
16161 43
16178
16477 44
16505
16808 45
16830
17133 46
17164
17467 47
17509
17812 48
17848
18151 49
18196
18499 50
18555
18858 51
18908
19211 52
19273
19574 53
19654
19957 54
20030
20331 55
20494
20797 56
20864
21165 57
21250
21553 58
21637
21938 59
22040
22343 60
22438
22739 61
22946
23249 62
23268
23569 63
23606
23909 64
23939
24240 65
24318
24621 66
24640
24941 67
24978
25281 68
25311
25612 69
25690
25993 70
26053
26356 71
26421
26722 72
28160
28463 73
28517
28820 74
28881
29199 75
29242
29839 77
31771
32683 80
32741
34275 85
34338
34946 87
35023
35320 88
35412
35709 89
35815
36116 90
36157
36458 91
36499
36802 92
36862
37165 93
37247
