1249 3
1623
3450 9
3552
3866 10
3909
4506 12
5205
8841 24
8857
9171 25
9214
9819 27
10245
10857 29
11153
11456 30
11557
11857 31
12153
12765 33
13192
14425 37
14721
15024 38
15121
15421 39
15717
16346 41
16389
16986 43
17397
18005 45
18301
18600 46
18691
18987 47
19283
19891 49
20352
21581 53
21877
22176 54
22274
22570 55
22866
23495 57
23538
24135 59
24515
25127 61
25423
25722 62
25813
26113 63
26409
27017 65
27450
28675 69
28971
29274 70
29370
29670 71
29966
30595 73
30638
31239 75
31662
32270 77
32562
32861 78
32952
33248 79
33544
34156 81
34594
35827 85
36123
36422 86
36519
36815 87
37111
37736 89
37779
38376 91
38772
39380 93
39676
39975 94
40066
40366 95
40662
41270 97
41752
42660 100
42676
42975 101
43005
43621 103
43917
44220 104
44306
44606 105
44902
45531 107
45574
46179 109
46893
47807 112
47933
48247 113
48290
48895 115
49229
49845 117
50141
50444 118
50525
50825 119
51121
51733 121
52183
53103 124
53112
53430 125
53473
54078 127
54478
55094 129
55390
55693 130
55781
56081 131
56377
56989 133
57471
58704 137
59000
59303 138
59386
59686 139
59982
60611 141
60654
61259 143
61595
62211 145
62507
62810 146
62886
63186 147
63482
64094 149
64558
65478 152
65501
65819 153
65862
66467 155
66869
67485 157
67781
68084 158
68173
68473 159
68769
69381 161
69878
71111 165
71407
71710 166
71794
72094 167
72390
73019 169
73062
73667 171
74137
74753 173
75049
75352 174
75431
75731 175
76027
76639 177
77078
78311 181
78607
78910 182
78994
79294 183
79590
80219 185
80262
80867 187
81307
81923 189
82219
82522 190
82601
82901 191
83197
83809 193
84246
