917 3
1291
3118 9
3220
3534 10
3577
4174 12
4873
8509 24
8525
9137 26
9433
9736 27
9833
10133 28
10429
11054 30
11097
11694 32
12105
12713 34
13009
13308 35
13399
13695 36
13991
14599 38
15057
16278 42
16574
16873 43
16971
17267 44
17563
18188 46
18231
18832 48
19212
19828 50
20124
20423 51
20514
20810 52
21106
21718 54
22149
23374 58
23670
23969 59
24065
24365 60
24661
25290 62
25333
25934 64
26301
26909 66
27205
27504 67
27595
27891 68
28187
28795 70
29226
30459 74
30751
31050 75
31147
31443 76
31739
32364 78
32407
33004 80
33400
34012 82
34308
34611 83
34702
35002 84
35298
35910 86
36385
37297 89
37313
37616 90
37646
38258 92
38554
38853 93
38939
39239 94
39535
40164 96
40207
40804 98
41518
42428 101
42554
42872 102
42915
43520 104
43854
44470 106
44766
45069 107
45150
45450 108
45746
46358 110
46763
47679 113
47688
48304 115
48600
48903 116
48986
49286 117
49582
50211 119
50254
50855 121
51155
51763 123
52059
52362 124
52438
52738 125
53034
53646 127
54051
54967 130
54990
55598 132
55894
56193 133
56277
56577 134
56873
57502 136
57545
58150 138
58505
59121 140
59417
59720 141
59799
60099 142
60391
61003 144
61394
62627 148
62923
63226 149
63310
63610 150
63906
64535 152
64578
65183 154
65538
66154 156
66450
66753 157
66832
67132 158
67428
68040 160
68431
