916 3
1273
2495 7
3460
4062 9
4066
4365 10
4391
4690 11
4719
5018 12
5038
5337 13
5360
5659 14
5680
5979 15
6003
6302 16
6318
6617 17
6636
6935 18
6944
7243 19
7254
7553 20
7587
7886 21
7924
8221 22
8271
8568 23
8657
8956 24
8988
9287 25
9297
9594 26
9649
9946 27
10010
10307 28
10424
10723 29
10755
11054 30
11078
11375 31
11444
11743 32
11787
12086 33
12135
12729 35
12818
13117 36
13149
13448 37
13458
13755 38
13907
14204 39
14374
14671 40
14788
15087 41
15119
15418 42
15442
15739 43
15919
16216 44
16294
16591 45
16736
17035 46
17067
17366 47
17404
17701 48
17784
18083 49
18136
18435 50
18494
19088 52
19177
19476 53
19508
19807 54
19817
20114 55
20266
20563 56
20733
21030 57
21147
21446 58
21478
21777 59
21801
22098 60
22278
22575 61
22773
23070 62
23215
23514 63
23546
23845 64
23883
24180 65
24388
24685 66
24777
25074 67
25247
25546 68
25578
25877 69
25929
