916 3
1273
2495 7
3460
4062 9
4066
4365 10
4391
4690 11
4719
5018 12
5026
5620 14
5705
6004 15
6036
6335 16
6343
6640 17
6693
6992 18
7024
7321 19
7393
7690 20
7823
8122 21
8154
8453 22
8473
8772 23
8795
9094 24
9102
9696 26
9781
10080 27
10112
10411 28
10419
10716 29
10864
11163 30
11189
11486 31
11552
11849 32
11970
12269 33
12301
12600 34
12621
12920 35
12944
13243 36
13251
13845 38
13930
14229 39
14261
14560 40
14568
14865 41
15013
15312 42
15339
15933 44
16056
16355 45
16387
16686 46
16702
17001 47
17020
17319 48
17327
17921 50
18006
18305 51
18337
18636 52
18644
18941 53
19089
19388 54
19410
19707 55
19769
20066 56
20179
20478 57
20510
20809 58
20818
21115 59
21164
21461 60
21550
21849 61
21860
22157 62
22208
22505 63
22598
22897 64
22931
23230 65
23268
23567 66
23577
24171 68
24260
24559 69
24591
24890 70
24900
25197 71
25252
25551 72
25575
25872 73
25936
26233 74
26350
26649 75
26681
26980 76
27004
27301 77
27370
27669 78
27714
28011 79
28096
28393 80
28552
28851 81
28883
29182 82
29226
29525 83
29574
29873 84
29883
30477 86
30566
30865 87
30897
31196 88
31206
31503 89
31655
31954 90
31978
32275 91
32445
32742 92
32859
33158 93
33190
33489 94
33513
33810 95
33990
34289 96
34327
34624 97
34702
34999 98
35144
35443 99
35475
35774 100
35812
36109 101
36192
36491 102
36551
37153 104
37342
37641 105
37673
37972 106
38025
38324 107
38383
38686 108
38696
39294 110
39383
39682 111
39714
40013 112
40023
40324 113
40476
40779 114
40803
41100 115
41270
41567 116
41684
41983 117
42015
42318 118
42342
42643 119
42823
43122 120
43160
43457 121
43655
43952 122
44097
44400 123
44432
44735 124
44773
45074 125
45282
45581 126
45633
45934 127
46026
46327 128
46500
46803 129
46835
47138 130
47190
47491 131
47588
47891 132
47965
48266 133
48380
48681 134
48898
49201 135
49233
