916 3
1273
2495 7
3460
4062 9
4066
4365 10
4391
4690 11
4719
5018 12
5038
5337 13
5360
5659 14
5680
5979 15
6003
6302 16
6318
6617 17
6636
6935 18
6944
7243 19
7254
7553 20
7587
7886 21
7924
8223 22
8233
8827 24
8916
9215 25
9247
9546 26
9556
9853 27
10005
10304 28
10328
10625 29
10795
11092 30
11209
11508 31
11540
11839 32
11863
12160 33
12340
12639 34
12684
12981 35
13140
13439 36
13471
13770 37
13814
14113 38
14162
14461 39
14471
15065 41
15154
15453 42
15485
15784 43
15794
16091 44
16243
16542 45
16566
16863 46
17033
17330 47
17447
17746 48
17778
18077 49
18101
18398 50
18578
18877 51
18915
19212 52
19410
19707 53
19852
20151 54
20183
20482 55
20520
20817 56
21025
21324 57
21384
21681 58
21870
22169 59
22201
22500 60
22553
22852 61
22911
23210 62
23220
23814 64
23903
24202 65
24234
24533 66
24543
24840 67
24992
25291 68
25315
25612 69
25782
26079 70
26196
26495 71
26527
26826 72
26850
27147 73
27327
27626 74
27664
27961 75
28159
28456 76
28601
28900 77
28932
29231 78
29269
29566 79
29774
30073 80
30125
30422 81
30648
30945 82
31118
31417 83
31449
31748 84
31800
32097 85
32333
32632 86
32706
33003 87
33220
33519 88
33551
