1249 3
1619
3136 8
3238
3541 9
4716
6838 16
7134
7433 17
7512
7812 18
8108
8733 20
8776
9373 22
10058
11283 26
11579
11882 27
11960
12260 28
12556
13475 31
13767
14066 32
14145
14441 33
14737
15362 35
15405
16006 37
16691
17916 41
18212
18511 42
18589
18885 43
19181
21016 49
21198
21499 50
21734
23880 57
24176
24475 58
24596
24892 59
25188
26418 63
26714
27013 64
27105
27401 65
27697
28616 68
28912
29211 69
29333
29633 70
29929
31163 74
31459
31758 75
31850
32146 76
32442
33670 80
33966
34265 81
34351
34647 82
34943
35870 85
36166
36465 86
36587
36883 87
37175
38401 91
38697
38996 92
39088
39384 93
39680
42126 101
42418
42717 102
42803
43099 103
43395
44322 106
44618
44921 107
45057
45357 108
45653
46282 110
46329
46926 112
47361
