1249 3
1623
3450 9
3552
3866 10
3909
4506 12
5205
8841 24
8857
9171 25
9214
9819 27
10245
10857 29
11153
11456 30
11557
11857 31
12153
12765 33
13174
14407 37
14703
15006 38
15103
15403 39
15699
16328 41
16371
16968 43
17379
17987 45
18283
18582 46
18673
18969 47
19265
19873 49
20330
21265 52
21308
21905 54
22331
22939 56
23231
23530 57
23631
23927 58
24223
24831 60
25240
26469 64
26765
27064 65
27162
27458 66
27754
28383 68
28426
29027 70
29407
30019 72
30315
30618 73
30709
31009 74
31305
31913 76
32343
33270 79
33313
33910 81
34336
34948 83
35244
35547 84
35648
35948 85
36244
36852 87
37261
38482 91
38778
39077 92
39173
39469 93
39765
40390 95
40433
41030 97
41453
42061 99
42357
42656 100
42747
43043 101
43339
43951 103
44388
45323 106
45366
45971 108
46397
47013 110
47309
47608 111
47709
48005 112
48297
48909 114
49318
50551 118
50847
51150 119
51247
51547 120
51843
52468 122
52511
53112 124
53508
54124 126
54420
54723 127
54814
55114 128
55410
56022 130
56503
57419 133
57435
57738 134
57768
58384 136
58680
58983 137
59069
59369 138
59665
60294 140
60337
60942 142
61656
62574 145
62700
63018 146
63061
63666 148
64000
64616 150
64912
65215 151
65296
65596 152
65892
66504 154
66936
67856 157
67865
68183 158
68226
68831 160
69330
