1217 3
1574
2176 5
2278
3206 8
3214
3513 9
3558
5079 14
6173
6779 16
6842
7145 17
7160
7463 18
7489
7788 19
7808
8107 20
8146
8445 21
8495
8794 22
8809
9108 23
9134
9437 24
9457
9760 25
9793
10096 26
10140
10443 27
10458
10761 28
10787
11090 29
11110
11409 30
11443
11742 31
11787
12086 32
12101
12400 33
12426
12725 34
12745
13048 35
13077
13380 36
13420
13723 37
13739
14042 38
14069
14372 39
14390
14689 40
14718
15017 41
15034
15337 42
15365
15664 43
15686
15985 44
16016
16319 45
16361
16664 46
16700
17003 47
17055
17358 48
17421
17724 49
17741
18044 50
18072
18375 51
18397
18700 52
18731
19034 53
19076
19379 54
19415
19718 55
19763
20066 56
20122
20425 57
20475
20778 58
20845
21148 59
21226
21529 60
21546
21849 61
21877
22180 62
22202
22505 63
22536
22839 64
22881
23184 65
23220
23523 66
23568
23871 67
23927
24230 68
24280
24583 69
24642
24945 70
25015
25318 71
25382
25685 72
25766
26069 73
26161
26464 74
26485
26788 75
26820
27123 76
27148
27451 77
27487
27790 78
27821
28124 79
28166
28469 80
28529
28832 81
28897
29198 82
31420
31723 83
31777
