917 3
1341
2858 8
2960
3263 9
4434
6556 16
6852
7151 17
7230
7530 18
7826
8451 20
8494
9091 22
9776
11001 26
11297
11600 27
11678
11978 28
12274
13193 31
13489
13788 32
13867
14163 33
14459
15084 35
15127
15728 37
16413
17638 41
17934
18233 42
18311
18607 43
18903
20738 49
20920
21221 50
21456
23602 57
23898
24197 58
24318
24614 59
24910
26140 63
26436
26735 64
26827
27123 65
27419
28338 68
28634
28933 69
29055
29355 70
29651
30885 74
31177
31476 75
31568
31864 76
32160
33388 80
33684
33983 81
34069
34365 82
34661
35588 85
35884
36183 86
36305
36601 87
36897
38123 91
38419
38718 92
38810
39106 93
39402
41848 101
42144
42443 102
42560
42856 103
43152
43781 105
43828
44433 107
45364
46593 111
46885
47184 112
47302
47598 113
47890
48519 115
48566
49171 117
50027
51565 122
51861
52160 123
52246
52546 124
52842
53769 127
54065
54368 128
54486
54786 129
55082
55711 131
55758
56355 133
57211
