917 3
1279
3107 9
3209
3512 10
4692
5300 12
5596
5895 13
5954
6250 14
6546
7461 17
7757
8056 18
8125
8421 19
8713
12074 30
12370
12669 31
12742
13038 32
13334
13963 34
14006
14603 36
14967
15583 38
15879
16178 39
16250
16550 40
16846
17458 42
17824
19045 46
19341
19640 47
19711
20011 48
20307
20932 50
20975
21572 52
21934
22542 54
22838
23137 55
23207
23503 56
23799
24411 58
24775
26000 62
26296
26599 63
26678
26978 64
27274
27899 66
27942
28539 68
28884
29496 70
29792
30091 71
30161
30457 72
30753
31365 74
31712
32933 78
33229
33528 79
33607
33903 80
34199
34828 82
34871
35476 84
35820
36432 86
36728
37027 87
37097
37393 88
37689
38297 90
38648
39877 94
40173
40472 95
40552
40852 96
41148
41777 98
41820
42417 100
42760
43368 102
43664
43967 103
44039
44339 104
44631
45243 106
45624
46857 110
47153
47452 111
47530
47826 112
48122
48751 114
48794
49399 116
49740
50356 118
50652
50955 119
51025
51325 120
51621
52233 122
52599
54141 127
54433
54736 128
54821
55121 129
55413
56042 131
56085
56682 133
57008
57624 135
57920
58223 136
58301
58601 137
58897
59509 139
59888
