916 3
1272
2789 8
2891
3194 9
4313
6435 16
6731
7030 17
7091
7391 18
7687
8312 20
8355
8952 22
9637
10862 26
11158
11461 27
11521
11821 28
12117
13036 31
13332
13631 32
13692
13988 33
14284
14909 35
14952
15553 37
16238
17463 41
17759
18058 42
18118
18414 43
18710
20545 49
20729
21030 50
21214
23349 57
23645
23944 58
24043
24339 59
24635
25260 61
25307
25908 63
26840
28061 67
28353
28652 68
28754
29050 69
29346
29971 71
30018
30619 73
31641
32870 77
33162
33461 78
33554
33850 79
34146
34775 81
34822
35423 83
38437
39975 88
40271
40570 89
40638
40934 90
41230
42153 93
42449
42748 94
42850
43150 95
43446
44075 97
44122
44719 99
45104
