1249 3
1619
3136 8
3238
3541 9
4716
6838 16
7134
7433 17
7512
7812 18
8108
8733 20
8776
9373 22
10058
11283 26
11575
11878 27
11956
12256 28
12552
13471 31
13767
14066 32
14145
14441 33
14737
15362 35
15405
16006 37
16691
17916 41
18212
18511 42
18589
18885 43
19181
21016 49
21198
21499 50
21734
23571 56
23579
24187 58
24483
24782 59
24904
25204 60
25500
26730 64
27026
27325 65
27417
27713 66
28009
28932 69
29228
29531 70
29652
29952 71
30248
31478 75
31774
32073 76
32165
32461 77
32757
33680 80
33688
34300 82
34596
34899 83
35021
35321 84
35617
36847 88
37143
37442 89
37534
37830 90
38126
39049 93
39345
39644 94
39765
40065 95
40357
