1249 3
1623
3450 9
3552
3866 10
3909
4506 12
5205
8841 24
8857
9171 25
9214
9819 27
10245
10857 29
11153
11456 30
11557
11857 31
12149
12761 33
13188
14421 37
14717
15020 38
15117
15417 39
15709
16338 41
16381
16978 43
17389
17997 45
18293
18592 46
18683
18979 47
19275
19883 49
20343
21572 53
21868
22167 54
22265
22561 55
22853
23482 57
23525
24122 59
24502
25114 61
25410
25709 62
25800
26100 63
26396
27004 65
27436
28661 69
28957
29260 70
29356
29656 71
29952
30581 73
30624
31225 75
31648
32256 77
32552
32851 78
32942
33238 79
33534
34146 81
34583
35816 85
36112
36411 86
36508
36804 87
37100
37725 89
37768
38365 91
38761
39369 93
39665
39964 94
40055
40355 95
40651
41259 97
41740
42648 100
42664
42963 101
42993
43609 103
43905
44208 104
44294
44594 105
44890
45519 107
45562
46167 109
46881
47795 112
47921
48235 113
48278
48883 115
49217
49833 117
50129
50432 118
50513
50813 119
51109
51721 121
52171
53091 124
53100
53418 125
53461
54066 127
54466
55082 129
55378
55681 130
55769
56069 131
56365
56977 133
57459
58692 137
58988
59291 138
59374
59674 139
59970
60599 141
60642
61247 143
61583
62199 145
62495
62798 146
62874
63174 147
63470
64082 149
64546
65466 152
65489
65807 153
65850
66455 155
66857
67473 157
67769
68072 158
68161
68461 159
68757
69369 161
69866
71099 165
71395
71698 166
71782
72082 167
72378
73007 169
73050
73655 171
74125
74741 173
75037
75340 174
75419
75719 175
76015
76627 177
77069
78302 181
78598
78901 182
78985
79285 183
79581
80210 185
80253
80858 187
81298
81914 189
82210
82513 190
82592
82892 191
83188
83800 193
84237
