1216 3
1573
2795 7
3769
4371 9
4375
4674 10
4700
4999 11
5028
5325 12
5372
5669 13
5754
6051 14
6103
6402 15
6422
6721 16
6744
7041 17
7177
7476 18
7507
7804 19
7889
8186 20
8332
8631 21
8652
8951 22
8975
9272 23
9408
9707 24
9738
10035 25
10120
10417 26
10563
10862 27
10878
11177 28
11196
11493 29
11629
11928 30
11959
12256 31
12341
12638 32
12784
13083 33
13092
13391 34
13402
13701 35
13735
14034 36
14072
14369 37
14418
14715 38
14804
15101 39
15155
15454 40
15498
15797 41
15846
16143 42
16283
16582 43
16615
16912 44
17001
17298 45
17448
17747 46
17772
18069 47
18289
18588 48
18621
18918 49
19007
19304 50
19494
19793 51
19826
