916 3
1280
1882 5
1984
3217 9
3225
3524 10
3573
5399 16
5695
5998 17
7103
7713 19
7776
8079 20
8096
8399 21
8427
8730 22
8747
9050 23
9078
9381 24
9398
9701 25
9729
10032 26
10054
10357 27
10388
10691 28
10733
11036 29
11072
11375 30
11427
11730 31
11793
12096 32
12113
12416 33
12444
12747 34
12769
13072 35
13103
13406 36
13448
13751 37
13787
14090 38
14135
14438 39
14494
14797 40
14847
15150 41
15217
15520 42
15598
15901 43
15918
16221 44
16249
16552 45
16574
16877 46
16908
17211 47
17253
17556 48
17592
17895 49
17940
18243 50
18299
18602 51
18652
18955 52
19014
19317 53
19387
19690 54
19754
20057 55
20138
20441 56
20533
20836 57
20896
21199 58
21264
21565 59
23122
23421 60
23475
23774 61
23835
24153 62
24196
24797 64
26482
27394 67
27452
27752 68
28048
30202 75
30498
30797 76
30860
31460 78
31501
31798 79
31839
32140 80
32217
32520 81
32553
32854 82
32946
33249 83
33282
33583 84
33689
33990 85
34073
34376 86
34436
34739 87
34821
35121 88
35417
