917 3
1291
3130 9
3173
3770 11
4469
8105 23
8638
9246 25
9542
9845 26
9942
10242 27
10538
11163 29
11206
11807 31
12218
12826 33
13118
13417 34
13508
13804 35
14100
14712 37
15323
16548 41
16844
17143 42
17238
17534 43
17826
18451 45
18494
19091 47
19453
20065 49
20357
20660 50
20751
21051 51
21347
21959 53
22570
23791 57
24083
24382 58
24478
24774 59
25070
25695 61
25738
26339 63
26706
27318 65
27614
27913 66
28004
28300 67
28596
29208 69
29819
31048 73
31344
31647 74
31744
32044 75
32340
32969 77
33012
33609 79
34005
34613 81
34909
35208 82
35299
35599 83
35895
36507 85
37162
38074 88
38434
38737 89
38924
