916 3
1280
1882 5
1984
3217 9
3225
3524 10
3574
5400 16
5696
5999 17
7104
7714 19
7777
8080 20
8096
8399 21
8426
8729 22
8745
9048 23
9075
9378 24
9395
9698 25
9726
10029 26
10051
10354 27
10385
10688 28
10730
11033 29
11069
11372 30
11424
11727 31
11790
12093 32
12110
12413 33
12441
12744 34
12766
13069 35
13100
13403 36
13445
13748 37
13784
14087 38
14132
14435 39
14491
14794 40
14844
15147 41
15214
15517 42
15595
15898 43
15915
16218 44
16246
16549 45
16571
16874 46
16905
17208 47
17250
17553 48
17589
17892 49
17937
18240 50
18296
18599 51
18649
18952 52
19011
19314 53
19384
19687 54
19751
20054 55
20135
20438 56
20530
20833 57
20893
21196 58
21261
21562 59
23120
23419 60
23473
23772 61
23833
24151 62
24194
24795 64
26475
27387 67
27445
27745 68
28037
30191 75
30487
30783 76
31079
