1249 3
1623
3450 9
3552
3866 10
3909
4506 12
5284
8920 24
8936
9548 26
9840
10143 27
10240
10540 28
10836
11461 30
11504
12101 32
12512
13120 34
13416
13715 35
13806
14102 36
14398
15006 38
15540
16761 42
17057
17356 43
17454
17750 44
18046
18671 46
18714
19315 48
19695
20311 50
20607
20906 51
20997
21293 52
21589
22201 54
22735
23960 58
24256
24555 59
24651
24951 60
25247
25876 62
25919
26520 64
26887
27495 66
27791
28090 67
28181
28477 68
28773
29381 70
29915
31148 74
31444
31743 75
31840
32136 76
32428
33053 78
33096
33693 80
34089
34701 82
34997
35300 83
35391
35691 84
35987
36599 86
37177
38089 89
38105
38408 90
38438
39050 92
39346
39645 93
39731
40031 94
40327
40956 96
40999
41596 98
42310
43220 101
43346
43664 102
43707
44312 104
44646
45262 106
45558
45861 107
45942
46242 108
46538
47150 110
47537
48453 113
48462
49078 115
49374
49677 116
49760
50060 117
50356
50985 119
51028
51629 121
51965
52573 123
52869
53172 124
53248
53548 125
53844
54456 127
54843
55759 130
55782
56390 132
56686
56985 133
57069
57369 134
57665
58294 136
58337
58942 138
59297
59913 140
60209
60512 141
60591
60891 142
61187
61799 144
62191
63424 148
63720
64023 149
64107
64407 150
64699
65328 152
65371
65976 154
66331
66947 156
67243
67546 157
67625
67925 158
68221
68833 160
69225
