916 3
1273
1875 5
1977
2905 8
2913
3212 9
3257
4778 14
5872
6478 16
6541
6844 17
6862
7163 18
7198
7497 19
7526
7823 20
7896
8195 21
8218
8515 22
8555
8854 23
8896
9197 24
9256
9559 25
9612
9913 26
10034
10337 27
10352
10655 28
10681
10984 29
11004
11303 30
11339
11636 31
11689
11988 32
12035
12332 33
12441
12740 34
12755
13058 35
13084
13387 36
13407
13710 37
13747
14048 38
14102
14405 39
14453
14750 40
14861
15160 41
15175
15478 42
15504
15803 43
15823
16122 44
16154
16455 45
16504
16807 46
16850
17151 47
17252
17555 48
17574
17875 49
17912
18215 50
18245
18546 51
18623
18926 52
18947
19248 53
19287
19590 54
19622
19923 55
20004
20307 56
20327
20628 57
20665
20968 58
20999
21300 59
21377
21680 60
21705
22006 61
22048
22351 62
22385
22686 63
22737
23040 64
23085
23386 65
23491
23794 66
23833
24134 67
24190
24493 68
24548
24849 69
24921
25224 70
25290
25591 71
25738
26041 72
26058
26361 73
26389
26692 74
26714
27017 75
27048
27351 76
27393
27696 77
27732
28035 78
28083
28384 79
28449
28752 80
28811
29112 81
29245
29548 82
29601
29902 83
29972
30275 84
30345
30646 85
30733
31036 86
31117
31418 87
31595
31898 88
31915
32218 89
32246
32549 90
32571
32874 91
32905
33208 92
33250
33553 93
33589
33892 94
33937
34240 95
34296
34599 96
34649
34952 97
35014
35315 98
35394
35697 99
35770
36067 100
36228
36527 101
36594
36891 102
36975
37274 103
37358
37659 104
37760
38063 105
38158
38459 106
38664
38967 107
38991
39292 108
39334
39637 109
39672
39969 110
40056
40355 111
40383
40680 112
40726
41025 113
41064
41365 114
41460
41763 115
41797
42098 116
42150
42453 117
42498
42799 118
42906
43209 119
43269
43568 120
43633
43930 121
46152
46451 122
46505
