916 3
1280
1882 5
1984
3217 9
3225
3524 10
3569
5090 15
6201
6811 17
6874
7177 18
7197
7498 19
7536
7835 20
7866
8163 21
8242
8541 22
8566
8867 23
8910
9209 24
9243
9544 25
9596
9899 26
9944
10245 27
10352
10655 28
10694
10995 29
11052
11351 30
11406
11703 31
11776
12079 32
12145
12442 33
12591
12890 34
12907
13210 35
13238
13541 36
13563
13866 37
13897
14200 38
14242
14545 39
14581
14880 40
14928
15225 41
15291
15590 42
15649
15946 43
16081
16380 44
16433
16734 45
16805
17108 46
17178
17479 47
17567
17870 48
17951
18252 49
18431
18734 50
18751
19054 51
19082
19385 52
19407
19710 53
19741
20044 54
20086
20389 55
20425
20728 56
20773
21076 57
21132
21435 58
21485
21788 59
21850
22151 60
22231
22534 61
22607
22908 62
23071
23374 63
23441
23742 64
23827
24130 65
24214
24515 66
24617
24920 67
25015
25316 68
25523
25826 69
25845
26146 70
26183
26486 71
26516
26817 72
26895
27198 73
27217
27518 74
27555
27858 75
27888
28189 76
28267
28570 77
28630
28933 78
28998
29299 79
30737
31040 80
31094
31397 81
31458
31776 82
31819
32424 84
34102
35022 87
35080
36606 92
36669
37273 94
37350
