916 3
1280
1882 5
1984
3522 10
3533
3830 11
3857
5378 16
6447
7366 19
7662
7961 20
8024
8320 21
8616
9539 24
9561
9862 25
9900
10512 27
10545
10846 28
10927
11539 30
11559
11860 31
11896
12508 33
12539
12840 34
12917
13529 36
13552
13853 37
13892
14504 39
14538
14839 40
14922
15534 42
15559
15860 43
15901
16513 45
16549
16850 46
16937
17549 48
17579
17880 49
17926
18530 51
18581
18882 52
18949
19561 54
19623
19920 55
20059
20671 57
20963
21262 58
21322
21618 59
21910
22829 62
23125
23428 63
23493
23793 64
24085
24693 66
25269
25881 68
26177
26476 69
26530
26830 70
27126
27740 72
27801
28119 73
28162
28763 75
30547
31459 78
31517
