916 3
1280
1882 5
1984
3522 10
3533
3830 11
3857
5378 16
6483
7402 19
7698
7997 20
8060
8356 21
8652
9575 24
9597
9898 25
9936
10548 27
10581
10882 28
10963
11575 30
11595
11896 31
11932
12544 33
12575
12876 34
12953
13565 36
13588
13889 37
13928
14540 39
14574
14875 40
14958
15570 42
15595
15896 43
15937
16549 45
16585
16886 46
16973
17585 48
17615
17916 49
17962
18566 51
18617
18918 52
18985
19597 54
19659
19956 55
20095
20707 57
21003
21302 58
21362
21658 59
21950
22869 62
23161
23464 63
23529
23829 64
24125
24733 66
25309
25921 68
26213
26512 69
26566
26866 70
27162
27776 72
27837
28155 73
28198
28799 75
30827
31739 78
31797
