916 3
1280
1882 5
1984
3217 9
3228
3525 10
3552
5378 16
5674
5977 17
7082
7692 19
7755
8058 20
8080
8381 21
8419
8722 22
8755
9056 23
9137
9440 24
9460
9761 25
9797
10100 26
10131
10432 27
10509
10812 28
10835
11136 29
11175
11478 30
11512
11813 31
11896
12199 32
12224
12525 33
12566
12869 34
12905
13206 35
13293
13596 36
13626
13927 37
13973
14276 38
14327
14628 39
14695
14998 40
15060
15361 41
15500
15803 42
15863
16166 43
16231
16532 44
17108
17411 45
17465
17768 46
17829
18147 47
18190
18791 49
20654
21574 52
21632
21932 53
22228
24378 60
24674
24970 61
25266
