1216 3
1573
2795 7
3760
4362 9
4366
4665 10
4691
4990 11
5019
5318 12
5326
5920 14
6005
6304 15
6336
6635 16
6643
6940 17
6993
7292 18
7324
7621 19
7693
7990 20
8123
8422 21
8454
8753 22
8773
9072 23
9095
9394 24
9402
9996 26
10081
10380 27
10412
10711 28
10719
11016 29
11164
11463 30
11489
11786 31
11852
12149 32
12270
12569 33
12601
12900 34
12921
13220 35
13244
13543 36
13551
14145 38
14230
14529 39
14561
14860 40
14868
15165 41
15313
15612 42
15639
15936 43
16003
16300 44
16423
16722 45
16754
17053 46
17069
17368 47
17387
17686 48
17694
18288 50
18373
18672 51
18704
19003 52
19011
19308 53
19456
19755 54
19777
20074 55
20136
20433 56
20546
20845 57
20877
21176 58
21185
21484 59
21495
21794 60
21828
22127 61
22165
22464 62
22474
23068 64
23157
23456 65
23488
23787 66
23797
24094 67
24149
24448 68
24472
24769 69
24833
25130 70
25247
25546 71
25578
25877 72
25901
26198 73
26267
26566 74
26611
26908 75
26993
27290 76
27449
27748 77
27780
28079 78
28123
28422 79
28471
28770 80
28780
29374 82
29463
29762 83
29794
30093 84
30103
30400 85
30552
30851 86
30875
31172 87
31342
31639 88
31756
32055 89
32087
32386 90
32410
32707 91
32887
33186 92
33224
33521 93
33599
33896 94
34041
34340 95
34372
34671 96
34709
35006 97
35089
35388 98
35448
35745 99
35845
36142 100
36331
36630 101
36662
36961 102
37014
37317 103
37376
37679 104
37689
38283 106
38372
38671 107
38703
39006 108
39016
39317 109
39469
39768 110
39792
40089 111
40259
40556 112
40673
40976 113
41008
41311 114
41335
41632 115
41812
42111 116
42149
42446 117
42644
42945 118
43090
43393 119
43425
43724 120
43762
44059 121
44267
44566 122
44618
44919 123
45011
45312 124
45485
45788 125
45820
46119 126
46171
46472 127
46569
46872 128
46946
47247 129
47361
47662 130
47879
48182 131
48214
