1225 3
1589
2191 5
2293
3526 9
3534
3833 10
3878
5704 16
6000
6303 17
7408
8018 19
8081
8384 20
8418
8719 21
8771
9074 22
9119
9420 23
9528
9831 24
9859
10160 25
10206
10509 26
10548
10849 27
10945
11248 28
11273
11574 29
11617
11920 30
11956
12257 31
12346
12649 32
12679
12980 33
13028
13331 34
13382
13683 35
13752
14055 36
14117
14418 37
14559
14862 38
14922
15225 39
15290
15591 40
16149
16452 41
16506
16809 42
16870
17188 43
17231
17828 45
19653
20569 48
20627
20927 49
21223
23365 56
23661
23957 57
24253
