916 3
1280
1882 5
1984
2912 8
2920
3219 9
3264
4785 14
5900
6506 16
6569
6872 17
6889
7192 18
7220
7519 19
7541
7840 20
7871
8170 21
8212
8511 22
8547
8846 23
8898
9201 24
9264
9567 25
9584
9887 26
9915
10218 27
10240
10543 28
10574
10877 29
10919
11218 30
11254
11553 31
11598
11897 32
11953
12252 33
12302
12601 34
12668
12971 35
13049
13352 36
13369
13672 37
13700
14003 38
14025
14328 39
14359
14658 40
14700
14999 41
15035
15338 42
15383
15682 43
15738
16037 44
16087
16390 45
16449
16752 46
16822
17125 47
17189
17492 48
17573
17876 49
17968
18271 50
18287
18590 51
18617
18920 52
18936
19239 53
19266
19569 54
19629
19932 55
19997
20298 56
21735
22038 57
22092
22410 58
22453
23054 60
24737
