916 3
1273
2501 7
2512
2809 8
2837
4358 13
5325
5927 15
5931
6230 16
6248
6545 17
6580
6879 18
6908
7205 19
7278
7577 20
7600
7897 21
7937
8236 22
8278
8575 23
8634
8933 24
8986
9287 25
9408
9711 26
9726
10029 27
10055
10358 28
10378
10677 29
10713
11010 30
11063
11362 31
11409
11706 32
11815
12114 33
12129
12432 34
12458
12761 35
12781
13084 36
13121
13422 37
13476
13779 38
13827
14128 39
14239
14538 40
14553
14852 41
14878
15177 42
15197
15500 43
15532
15829 44
15878
16181 45
16224
16525 46
16626
16929 47
16937
17240 48
17262
17563 49
17640
17943 50
17951
18254 51
18276
18577 52
18658
18961 53
18981
19282 54
19319
19622 55
19653
19954 56
20031
20334 57
20359
20660 58
20702
21005 59
21039
21340 60
21391
21694 61
21739
22040 62
22145
22448 63
22487
22788 64
22844
23147 65
23202
23503 66
23575
23878 67
23944
24245 68
24392
24695 69
24712
25015 70
25043
25346 71
25368
25671 72
25702
26005 73
26047
26350 74
26386
26689 75
26737
27038 76
27103
27406 77
27465
27766 78
27899
28202 79
28255
28556 80
28626
28929 81
28999
29300 82
29387
29690 83
29771
30072 84
30249
30552 85
30569
30872 86
30900
31203 87
31225
31528 88
31559
31862 89
31904
32203 90
32239
32538 91
32583
32882 92
32938
33241 93
33291
33594 94
33656
33957 95
34036
34339 96
34412
34713 97
34874
35177 98
35244
35541 99
35625
35924 100
36008
36305 101
36406
36705 102
36800
37097 103
37302
37605 104
37613
37916 105
37938
38239 106
38326
38629 107
38637
38940 108
38962
39263 109
39358
39657 110
39665
39964 111
39986
40283 112
40390
40687 113
42673
