1225 3
1589
2191 5
2293
3526 9
3534
3833 10
3878
5399 15
6492
7102 17
7165
7468 18
7485
7788 19
7816
8115 20
8137
8436 21
8467
8766 22
8808
9111 23
9147
9446 24
9498
9801 25
9864
10167 26
10184
10487 27
10515
10818 28
10840
11143 29
11174
11473 30
11515
11814 31
11850
12153 32
12198
12497 33
12553
12852 34
12902
13205 35
13272
13575 36
13653
13956 37
13973
14276 38
14304
14607 39
14629
14928 40
14959
15258 41
15300
15599 42
15635
15934 43
15979
16278 44
16334
16637 45
16687
16990 46
17049
17352 47
17422
17725 48
17789
18092 49
18173
18476 50
18568
18871 51
18931
19234 52
19299
19600 53
21038
21341 54
21395
21698 55
21759
22077 56
22120
22717 58
24395
25307 61
25365
26891 66
26954
27554 68
27631
27930 69
27976
28279 70
28312
28613 71
28705
29008 72
29068
29371 73
29404
29705 74
29811
30110 75
30184
30481 76
30564
30863 77
30923
31226 78
31308
