917 3
1291
3118 9
3220
3534 10
3577
4174 12
4873
8509 24
8525
9137 26
9433
9736 27
9833
10133 28
10429
11054 30
11097
11694 32
12105
12713 34
13009
13308 35
13399
13695 36
13991
14599 38
15059
16280 42
16576
16875 43
16973
17269 44
17565
18190 46
18233
18834 48
19214
19830 50
20126
20425 51
20516
20812 52
21108
21720 54
22151
23376 58
23672
23971 59
24067
24367 60
24663
25292 62
25335
25936 64
26359
26967 66
27263
27562 67
27653
27949 68
28245
28853 70
29290
30523 74
30815
31114 75
31211
31507 76
31803
32428 78
32471
33068 80
33464
34076 82
34372
34675 83
34766
35066 84
35362
35974 86
36455
37367 89
37383
37686 90
37716
38328 92
38620
38919 93
39005
39305 94
39601
40230 96
40273
40870 98
41584
42494 101
42620
42938 102
42981
43586 104
43920
44536 106
44832
45135 107
45216
45516 108
45812
46424 110
46811
47727 113
47736
48352 115
48644
48947 116
49030
49330 117
49626
50255 119
50298
50899 121
51235
51843 123
52139
52442 124
52518
52818 125
53114
53726 127
54113
55029 130
55052
55660 132
55956
56255 133
56339
56639 134
56935
57564 136
57607
58212 138
58682
59298 140
59594
59897 141
59976
60276 142
60572
61184 144
61626
62859 148
63155
63458 149
63542
63842 150
64134
64763 152
64806
65411 154
65851
66467 156
66763
67066 157
67145
67445 158
67741
68353 160
68790
