917 3
1279
3107 9
3209
3512 10
4692
5300 12
5596
5895 13
5954
6250 14
6546
7461 17
7753
8052 18
8121
8417 19
8713
12074 30
12370
12669 31
12742
13038 32
13334
13963 34
14006
14603 36
14967
15583 38
15875
16174 39
16246
16546 40
16842
17454 42
17820
19041 46
19337
19636 47
19707
20007 48
20303
20928 50
20971
21568 52
21930
22538 54
22834
23133 55
23203
23499 56
23795
24407 58
24771
25996 62
26292
26595 63
26674
26974 64
27270
27895 66
27938
28535 68
28879
29491 70
29787
30086 71
30156
30452 72
30748
31360 74
31711
32932 78
33228
33527 79
33606
33902 80
34198
34827 82
34870
35475 84
35820
36432 86
36728
37027 87
37097
37393 88
37689
38297 90
38644
39873 94
40169
40468 95
40548
40848 96
41144
41773 98
41816
42413 100
42756
43364 102
43660
43963 103
44035
44335 104
44631
45243 106
45624
47162 111
47458
47757 112
47842
48138 113
48434
49063 115
49106
49711 117
50037
50653 119
50949
51252 120
51330
51630 121
51926
52538 123
52917
