917 3
1291
3130 9
3173
3770 11
4469
8105 23
8121
8729 25
9021
9324 26
9421
9721 27
10017
10642 29
10685
11286 31
11697
12305 33
12601
12900 34
12991
13287 35
13583
14195 37
15012
16237 41
16533
16832 42
16927
17223 43
17519
18144 45
18187
18784 47
19146
19758 49
20054
20357 50
20448
20748 51
21040
21652 53
22469
23690 57
23986
24285 58
24381
24677 59
24973
25598 61
25641
26242 63
26609
27221 65
27513
27812 66
27903
28199 67
28495
29107 69
29924
31153 73
31449
31752 74
31849
32149 75
32441
33070 77
33113
33710 79
34106
34714 81
35010
35309 82
35400
35700 83
35996
36608 85
37469
38381 88
38411
39023 90
39319
39618 91
39704
40000 92
40296
40925 94
40968
41565 96
42279
43202 99
43245
43842 101
44226
