916 3
1273
1875 5
1977
2905 8
2913
3212 9
3257
4778 14
5872
6478 16
6541
6844 17
6859
7162 18
7188
7487 19
7507
7806 20
7845
8144 21
8194
8493 22
8508
8807 23
8833
9136 24
9156
9459 25
9492
9795 26
9839
10142 27
10157
10460 28
10486
10789 29
10809
11108 30
11142
11441 31
11486
11785 32
11800
12099 33
12125
12424 34
12444
12747 35
12776
13079 36
13119
13422 37
13438
13741 38
13768
14071 39
14089
14388 40
14417
14716 41
14733
15036 42
15064
15363 43
15385
15684 44
15715
16018 45
16060
16363 46
16399
16702 47
16754
17057 48
17120
17423 49
17440
17743 50
17771
18074 51
18096
18399 52
18430
18733 53
18775
19078 54
19114
19417 55
19462
19765 56
19821
20124 57
20174
20477 58
20544
20847 59
20925
21228 60
21245
21548 61
21576
21879 62
21901
22204 63
22235
22538 64
22580
22883 65
22919
23222 66
23267
23570 67
23626
23929 68
23979
24282 69
24341
24644 70
24714
25017 71
25081
25384 72
25465
25768 73
25860
26163 74
26184
26487 75
26519
26822 76
26847
27150 77
27186
27489 78
27520
27823 79
27865
28168 80
28228
28531 81
28596
28897 82
31119
31422 83
31476
