1249 3
1619
3136 8
3238
3541 9
4716
6838 16
7134
7433 17
7512
7812 18
8104
8729 20
8772
9369 22
10054
11279 26
11575
11878 27
11956
12256 28
12552
13471 31
13767
14066 32
14145
14441 33
14737
15362 35
15405
16006 37
16691
17916 41
18212
18511 42
18589
18885 43
19181
21016 49
21198
21499 50
21734
23880 57
24176
24475 58
24597
24893 59
25189
26419 63
26715
27014 64
27106
27402 65
27698
28617 68
28913
29212 69
29333
29633 70
29929
31163 74
31459
31758 75
31850
32146 76
32442
33670 80
33966
34265 81
34387
34683 82
34979
36209 86
36505
36804 87
36896
37192 88
37488
38407 91
38703
39002 92
39123
39419 93
39715
