916 3
1273
2495 7
3466
4068 9
4072
4371 10
4397
4696 11
4725
5022 12
5158
5457 13
5488
5785 14
5870
6167 15
6313
6612 16
6628
6927 17
6947
7246 18
7269
7566 19
7702
8001 20
8032
8329 21
8414
8711 22
8857
9156 23
9172
9471 24
9492
9791 25
9815
10112 26
10248
10547 27
10578
10875 28
10960
11257 29
11403
11702 30
11718
12017 31
12033
12332 32
12351
12648 33
12784
13083 34
13114
13411 35
13496
13793 36
13939
14238 37
14254
14553 38
14562
14861 39
14872
15171 40
15205
15504 41
15542
15839 42
15888
16185 43
16274
16571 44
16625
16924 45
16940
