1249 3
1623
3450 9
3552
3866 10
3909
4506 12
5205
8841 24
8857
9469 26
9765
10068 27
10165
10465 28
10761
11386 30
11429
12026 32
12437
13045 34
13341
13640 35
13731
14027 36
14323
14931 38
15491
16712 42
17004
17303 43
17401
17697 44
17993
18618 46
18661
19262 48
19642
20258 50
20554
20853 51
20944
21240 52
21536
22148 54
22682
23907 58
24203
24502 59
24598
24898 60
25194
25823 62
25866
26467 64
26834
27442 66
27738
28037 67
28128
28424 68
28720
29328 70
29862
31095 74
31391
31690 75
31787
32083 76
32379
33004 78
33047
33644 80
34040
34652 82
34948
35251 83
35342
35642 84
35938
36550 86
37128
38040 89
38056
38359 90
38389
39001 92
39297
39596 93
39682
39982 94
40278
40907 96
40950
41547 98
42261
43171 101
43297
43615 102
43658
44263 104
44597
45213 106
45509
45812 107
45893
46193 108
46489
47101 110
47506
48422 113
48431
49047 115
49343
49646 116
49729
50029 117
50325
50954 119
50997
51598 121
51898
52506 123
52802
53105 124
53181
53481 125
53777
54389 127
54794
55710 130
55733
56341 132
56637
56936 133
57020
57320 134
57616
58245 136
58288
58893 138
59248
59864 140
60160
60463 141
60542
60842 142
61138
61750 144
62141
63374 148
63670
63973 149
64057
64357 150
64653
65282 152
65325
65930 154
66285
66901 156
67197
67500 157
67579
67879 158
68171
68783 160
69174
