917 3
1291
3118 9
3220
3534 10
3577
4174 12
4873
8509 24
8525
8839 25
8882
9487 27
9913
10525 29
10817
11120 30
11221
11521 31
11817
12429 33
12856
14089 37
14385
14688 38
14785
15085 39
15381
16010 41
16053
16650 43
17061
17669 45
17965
18264 46
18355
18651 47
18947
19555 49
20123
21058 52
21101
21698 54
22124
22732 56
23028
23327 57
23428
23724 58
24020
24628 60
25055
26284 64
26576
26875 65
26973
27269 66
27565
28194 68
28237
28838 70
29218
29830 72
30126
30429 73
30520
30820 74
31116
31724 76
32264
33191 79
33234
33831 81
34257
34869 83
35165
35468 84
35569
35869 85
36165
36773 87
37200
38421 91
38713
39012 92
39108
39404 93
39700
40325 95
40368
40965 97
41388
41996 99
42292
42591 100
42682
42978 101
43274
43886 103
44426
45361 106
45404
46009 108
46435
47051 110
47347
47646 111
47747
48043 112
48339
48951 114
49378
50611 118
50903
51206 119
51303
51603 120
51895
52520 122
52563
53164 124
53560
54176 126
54472
54775 127
54866
55166 128
55462
56074 130
56658
57574 133
57590
57893 134
57923
58539 136
58831
59134 137
59220
59520 138
59816
60445 140
60488
61093 142
61807
62725 145
62851
63169 146
63212
63817 148
64151
64767 150
65063
65366 151
65447
65747 152
66043
66655 154
67105
68025 157
68034
68352 158
68395
69000 160
69400
70016 162
70308
70611 163
70699
70999 164
71295
71907 166
72389
73622 170
73918
74221 171
74304
74604 172
74900
75529 174
75572
76177 176
76513
77129 178
77425
77728 179
77804
78104 180
78400
79012 182
79476
80396 185
80419
80737 186
80780
81385 188
81787
82403 190
82699
82998 191
83087
83387 192
83679
84291 194
84788
86021 198
86317
86620 199
86704
87004 200
87300
87925 202
87968
88569 204
89039
89655 206
89951
90254 207
90333
90633 208
90929
91541 210
91978
92909 213
92952
93557 215
93959
94575 217
94871
95174 218
95263
95563 219
95859
96471 221
96968
98201 225
98497
98800 226
98884
99184 227
99476
100105 229
100148
100753 231
101193
101801 233
102097
102400 234
102479
102779 235
103075
103687 237
104124
