1216 3
1573
2795 7
3766
4368 9
4372
4671 10
4697
4996 11
5025
5322 12
5458
5757 13
5788
6085 14
6170
6467 15
6613
6912 16
6928
7225 17
7399
7698 18
7741
8040 19
8060
8359 20
8382
8679 21
8815
9114 22
9145
9442 23
9527
9824 24
9970
10269 25
10285
10582 26
10744
11043 27
11080
11379 28
11400
11699 29
11723
12020 30
12156
12455 31
12486
12783 32
12868
13165 33
13311
13610 34
13626
13923 35
14087
14386 36
14424
14723 37
14739
15038 38
15057
15354 39
15490
15789 40
15820
16117 41
16202
16499 42
16645
16944 43
16960
17257 44
17411
17710 45
17743
18042 46
18051
18350 47
18361
18660 48
18694
18993 49
19031
19328 50
19468
19767 51
19800
20097 52
20186
20483 53
20633
20932 54
20948
21245 55
21403
21702 56
21735
