1217 3
1574
2802 7
2810
3109 8
3154
4675 13
5642
6244 15
6248
6547 16
6562
6861 17
6887
7186 18
7206
7505 19
7544
7843 20
7893
8192 21
8207
8506 22
8532
8831 23
8851
9150 24
9183
9486 25
9530
9833 26
9848
10151 27
10177
10480 28
10500
10799 29
10833
11132 30
11177
11476 31
11491
11790 32
11816
12115 33
12135
12438 34
12467
12770 35
12810
13113 36
13129
13432 37
13459
13762 38
13780
14083 39
14112
14411 40
14428
14727 41
14755
15054 42
15076
15379 43
15410
15709 44
15751
16054 45
16090
16393 46
16445
16748 47
16811
17114 48
17131
17434 49
17462
17765 50
17787
18090 51
18121
18424 52
18466
18769 53
18805
19108 54
19153
19456 55
19512
19815 56
19865
20168 57
20235
20538 58
20616
20919 59
20936
21239 60
21267
21570 61
21592
21895 62
21926
22229 63
22271
22574 64
22610
22913 65
22958
23261 66
23317
23620 67
23670
23973 68
24032
24335 69
24405
24708 70
24772
25075 71
25156
25459 72
25551
25854 73
25875
26178 74
26210
26513 75
26538
26841 76
26877
27180 77
27211
27514 78
27556
27857 79
30079
