917 3
1291
3130 9
3173
3770 11
4469
8105 23
8121
8729 25
9021
9324 26
9421
9721 27
10017
10642 29
10685
11286 31
11697
12305 33
12601
12900 34
12991
13287 35
13583
14195 37
15115
16340 41
16636
16935 42
17030
17326 43
17618
18243 45
18286
18883 47
19245
19857 49
20149
20452 50
20543
20843 51
21139
21751 53
22671
23892 57
24184
24483 58
24579
24875 59
25171
25796 61
25839
26440 63
26807
27419 65
27715
28014 66
28105
28401 67
28697
29309 69
30229
31458 73
31754
32057 74
32154
32454 75
32750
33379 77
33422
34019 79
34415
35023 81
35319
35618 82
35709
36009 83
36305
36917 85
37881
38793 88
38809
39112 89
39142
39750 91
40042
40341 92
40427
40723 93
41019
41644 95
41687
42284 97
42998
43904 100
44030
44344 101
44387
44993 103
45108
45713 105
46097
