917 3
1279
3107 9
3209
3512 10
4692
5300 12
5596
5895 13
5954
6250 14
6542
7457 17
7753
8052 18
8121
8417 19
8713
12074 30
12370
12669 31
12742
13038 32
13334
13963 34
14006
14603 36
14966
15582 38
15878
16177 39
16249
16549 40
16845
17457 42
17820
19041 46
19337
19636 47
19707
20007 48
20299
20924 50
20967
21564 52
21926
22534 54
22830
23129 55
23199
23495 56
23791
24403 58
24767
25992 62
26288
26591 63
26670
26970 64
27266
27891 66
27934
28531 68
28876
29488 70
29784
30083 71
30153
30449 72
30745
31357 74
31704
32925 78
33221
33520 79
33601
33897 80
34193
34822 82
34865
35470 84
35817
36429 86
36721
37020 87
37092
37388 88
37684
38292 90
38641
39870 94
40166
40465 95
40545
40845 96
41141
41770 98
41813
42410 100
42753
43361 102
43657
43960 103
44032
44332 104
44628
45240 106
45604
46837 110
47133
47432 111
47510
47806 112
48098
48727 114
48770
49375 116
49716
50332 118
50624
50927 119
50997
51297 120
51589
52201 122
52563
54105 127
54401
54704 128
54789
55089 129
55385
56014 131
56057
56654 133
56980
57596 135
57892
58195 136
58273
58573 137
58869
59481 139
59860
