1249 3
1673
3190 8
3292
3595 9
4766
6888 16
7184
7483 17
7562
7862 18
8158
8783 20
8826
9423 22
10108
11333 26
11629
11932 27
12010
12310 28
12606
13525 31
13821
14120 32
14199
14495 33
14791
15416 35
15459
16060 37
16745
17970 41
18266
18565 42
18643
18939 43
19231
21066 49
21248
21549 50
21784
23930 57
24226
24525 58
24646
24942 59
25238
26468 63
26764
27063 64
27155
27451 65
27747
28666 68
28962
29261 69
29383
29683 70
29979
31213 74
31509
31808 75
31900
32196 76
32492
33720 80
34016
34315 81
34401
34697 82
34993
35920 85
36216
36515 86
36637
36933 87
37229
38455 91
38751
39050 92
39142
39438 93
39734
42180 101
42476
42775 102
42892
43188 103
43484
44113 105
44160
44765 107
45696
46925 111
47221
47520 112
47638
47934 113
48230
48859 115
48906
49511 117
50367
51905 122
52201
52500 123
52586
52886 124
53182
54109 127
54405
54708 128
54826
55126 129
55422
56051 131
56098
56695 133
57551
58472 136
58492
