916 3
1280
1882 5
1984
3217 9
3228
3525 10
3563
5389 16
5685
5988 17
7093
7703 19
7766
8069 20
8088
8389 21
8435
8738 22
8768
9069 23
9156
9459 24
9478
9779 25
9825
10128 26
10158
10459 27
10546
10849 28
10869
11170 29
11217
11520 30
11551
11852 31
11940
12243 32
12268
12569 33
12621
12924 34
12958
13259 35
13320
13623 36
13668
13969 37
14085
14388 38
14427
14728 39
14794
15097 40
15152
15453 41
15535
15838 42
15904
16205 43
16363
16666 44
16683
16986 45
17014
17317 46
17339
17642 47
17673
17976 48
18018
18321 49
18357
18660 50
18708
19009 51
19084
19387 52
19446
19747 53
19891
20194 54
20247
20548 55
20628
20931 56
21001
21302 57
21399
21702 58
21783
22084 59
22272
22571 60
22588
22887 61
22915
23218 62
23240
23543 63
23574
23877 64
23919
24222 65
24258
24557 66
24602
24905 67
24961
25264 68
25314
25617 69
25679
25980 70
26069
26372 71
26445
26746 72
26918
27221 73
27288
27589 74
27683
27986 75
28070
28371 76
28482
28785 77
28880
29181 78
29397
29700 79
29760
30063 80
30128
30429 81
31926
32229 82
32283
32586 83
32647
32965 84
33008
33609 86
35287
36199 89
36257
36557 90
36853
38999 97
39291
39587 98
39883
