916 3
1273
2501 7
2509
2808 8
2853
4374 13
5341
5943 15
5947
6246 16
6261
6560 17
6586
6885 18
6905
7204 19
7243
7542 20
7592
7891 21
7906
8205 22
8231
8530 23
8550
8849 24
8882
9185 25
9229
9532 26
9547
9850 27
9876
10179 28
10199
10498 29
10532
10831 30
10876
11175 31
11190
11489 32
11515
11814 33
11834
12137 34
12166
12469 35
12509
12812 36
12828
13131 37
13153
13454 38
13531
13834 39
13852
14151 40
14173
14470 41
14551
14850 42
14867
15170 43
15198
15497 44
15519
15822 45
15853
16156 46
16198
16501 47
16537
16840 48
16892
17195 49
17258
17561 50
17578
17881 51
17909
18212 52
18234
18537 53
18568
18871 54
18913
19216 55
19252
19555 56
19600
19903 57
19959
20262 58
20312
20615 59
20682
20985 60
21063
21366 61
21383
21686 62
21714
22017 63
22039
22342 64
22373
22676 65
22718
23021 66
23057
23360 67
23405
23708 68
23764
24067 69
24117
24420 70
24479
24782 71
24852
25155 72
25219
25522 73
25603
25906 74
25998
26301 75
26322
26625 76
26647
26948 77
27035
27338 78
27363
27666 79
27688
27989 80
28084
28387 81
28418
28721 82
28743
29044 83
29151
29452 84
31674
