916 3
1273
2495 7
3460
4062 9
4066
4365 10
4391
4690 11
4719
5018 12
5038
5337 13
5360
5659 14
5680
5979 15
6003
6302 16
6318
6617 17
6636
6935 18
6944
7243 19
7254
7553 20
7587
7886 21
7924
8518 23
8607
8906 24
8938
9237 25
9247
9544 26
9599
9896 27
9960
10257 28
10374
10673 29
10705
11004 30
11028
11325 31
11394
11693 32
11737
12036 33
12085
12679 35
12768
13067 36
13099
13398 37
13408
13705 38
13857
14451 40
14568
14867 41
14899
15198 42
15222
15519 43
15699
15996 44
16074
16371 45
16516
16815 46
16847
17146 47
17184
17481 48
17564
17863 49
17916
18215 50
18274
18868 52
18957
19256 53
19288
19587 54
19597
19894 55
20046
20343 56
20513
20810 57
20927
21226 58
21258
21557 59
21581
21878 60
22058
22355 61
22553
22850 62
22995
23294 63
23326
23625 64
23663
23960 65
24168
24465 66
24557
24854 67
25027
25326 68
25358
25657 69
25709
26006 70
26103
