1216 3
1573
2795 7
3760
4362 9
4366
4665 10
4691
4990 11
5019
5318 12
5326
5920 14
6005
6304 15
6336
6635 16
6643
6940 17
6993
7292 18
7324
7621 19
7693
7990 20
8123
8422 21
8454
8753 22
8773
9072 23
9095
9394 24
9402
9996 26
10081
10380 27
10412
10711 28
10719
11016 29
11164
11463 30
11489
11786 31
11852
12149 32
12270
12569 33
12601
12900 34
12921
13220 35
13244
13543 36
13551
14145 38
14230
14529 39
14561
14860 40
14868
15165 41
15313
15612 42
15639
15936 43
16003
16300 44
16423
16722 45
16754
17053 46
17069
17368 47
17387
17686 48
17694
18288 50
18373
18672 51
18704
19003 52
19011
19308 53
19456
19755 54
19777
20074 55
20136
20433 56
20546
20845 57
20877
21176 58
21185
21482 59
21531
21828 60
21917
22216 61
22227
22524 62
22575
22872 63
22965
23264 64
23298
23597 65
23635
23934 66
23944
24538 68
24627
24926 69
24958
25257 70
25267
25564 71
25619
25918 72
25942
26239 73
26303
26600 74
26717
27016 75
27048
27347 76
27371
27668 77
27737
28036 78
28081
28378 79
28463
28760 80
28919
29218 81
29250
29549 82
29593
29892 83
29941
30240 84
30250
30547 85
30689
30986 86
31075
31374 87
31406
31705 88
31715
32012 89
32164
32463 90
32487
32784 91
32954
33251 92
33368
33667 93
33699
33998 94
34022
34319 95
34499
34798 96
34836
35430 98
35575
35874 99
35906
36205 100
36243
36540 101
36623
36922 102
36982
37283 103
37383
37684 104
37873
38172 105
38204
38503 106
38556
38855 107
38914
39217 108
39227
39825 110
39914
40213 111
40245
40544 112
40554
40855 113
41007
41310 114
41334
41631 115
41801
42098 116
42215
42514 117
42546
42849 118
42873
43174 119
43354
43653 120
43691
43988 121
44186
44483 122
44628
44931 123
44963
45266 124
45304
45605 125
45813
46112 126
46164
46465 127
46557
46858 128
47031
47334 129
47366
47669 130
47721
48022 131
48119
48422 132
48496
48797 133
48911
49212 134
49429
49732 135
49764
