916 3
1280
1882 5
1984
3217 9
3225
3524 10
3569
5090 15
6205
6815 17
6878
7181 18
7201
7502 19
7539
7838 20
7869
8166 21
8243
8542 22
8567
8868 23
8910
9209 24
9243
9544 25
9595
9898 26
9943
10244 27
10349
10652 28
10691
10992 29
11048
11347 30
11402
11699 31
11771
12074 32
12140
12437 33
12584
12883 34
12900
13203 35
13231
13534 36
13556
13859 37
13890
14193 38
14235
14538 39
14574
14873 40
14921
15218 41
15283
15582 42
15641
15938 43
16071
16370 44
16423
16724 45
16794
17097 46
17167
17468 47
17555
17858 48
17939
18240 49
18417
18720 50
18737
19040 51
19068
19371 52
19393
19696 53
19727
20030 54
20072
20375 55
20411
20714 56
20759
21062 57
21118
21421 58
21471
21774 59
21836
22137 60
22216
22519 61
22592
22893 62
23054
23357 63
23424
23725 64
23809
24112 65
24196
24497 66
24598
24901 67
24996
25297 68
25502
25805 69
25824
26125 70
26162
26465 71
26495
26796 72
26873
27176 73
27195
27496 74
27533
27836 75
27866
28167 76
28244
28547 77
28607
28910 78
28975
29276 79
30713
31016 80
31070
