917 3
1279
3107 9
3209
3512 10
4692
5300 12
5596
5895 13
5954
6250 14
6546
7461 17
7757
8056 18
8125
8421 19
8717
12078 30
12374
12673 31
12746
13042 32
13338
13967 34
14010
14607 36
14952
15568 38
15864
16163 39
16235
16535 40
16831
17443 42
17771
18992 46
19288
19587 47
19658
19958 48
20254
20879 50
20922
21519 52
21880
22488 54
22784
23083 55
23153
23449 56
23741
24353 58
24724
25949 62
26245
26548 63
26627
26927 64
27223
27848 66
27891
28488 68
28830
29442 70
29738
30037 71
30107
30403 72
30699
31311 74
31631
32852 78
33148
33447 79
33525
33821 80
34117
34746 82
34789
35394 84
35735
36347 86
36639
36938 87
37008
37304 88
37600
38208 90
38543
40081 95
40377
40676 96
40760
41056 97
41352
