1216 3
1573
2795 7
3762
4364 9
4368
4667 10
4693
4992 11
5021
5320 12
5328
5625 13
5673
5970 14
6055
6354 15
6386
6685 16
6693
6990 17
7043
7342 18
7374
7671 19
7743
8040 20
8173
8472 21
8504
8803 22
8823
9122 23
9145
9444 24
9452
10046 26
10131
10430 27
10462
10761 28
10769
11066 29
11214
11513 30
11539
11836 31
11902
12199 32
12320
12619 33
12651
12950 34
12971
13270 35
13294
13593 36
13601
14195 38
14280
14579 39
14611
14910 40
14918
15215 41
15363
15662 42
15689
15986 43
16053
16350 44
16473
16772 45
16804
17103 46
17119
17418 47
17437
17736 48
17744
18338 50
18423
18722 51
18754
19053 52
19061
19358 53
19506
19805 54
19827
20124 55
20186
20483 56
20596
20895 57
20927
21226 58
21235
21532 59
21581
21878 60
21967
22266 61
22277
22574 62
22625
22922 63
23015
23314 64
23348
23647 65
23685
23984 66
23994
24588 68
24677
24976 69
25008
25307 70
25317
25614 71
25669
25968 72
25992
26289 73
26353
26650 74
26767
27066 75
27098
27397 76
27421
27718 77
27787
28086 78
28131
28428 79
28513
28810 80
28969
29268 81
29300
29599 82
29643
29942 83
29991
30290 84
30300
30894 86
30983
31282 87
31314
31613 88
31623
31920 89
32072
32371 90
32395
32692 91
32862
33159 92
33276
33575 93
33607
33906 94
33930
34227 95
34407
34706 96
34744
35041 97
35119
35416 98
35561
35860 99
35892
36191 100
36229
36526 101
36609
36908 102
36968
37269 103
37369
37670 104
37859
38158 105
38190
38489 106
38542
38841 107
38900
39203 108
39213
39811 110
39900
40199 111
40231
40530 112
40540
40841 113
40993
41296 114
41320
41617 115
41787
42084 116
42201
42500 117
42532
42835 118
42859
43160 119
43340
43639 120
43677
43974 121
44172
44469 122
44614
44917 123
44949
45252 124
45290
45591 125
45799
46098 126
46150
46451 127
46543
46844 128
47017
47320 129
47352
47655 130
47707
48008 131
48105
48408 132
48482
48783 133
48897
49198 134
49415
49718 135
49750
50053 136
50067
50368 137
50422
50723 138
50822
51125 139
51143
51444 140
51502
51803 141
51910
52213 142
52237
52538 143
52602
52903 144
53022
53323 145
56037
