916 3
1273
2495 7
3460
4062 9
4066
4365 10
4391
4690 11
4719
5018 12
5038
5337 13
5360
5659 14
5680
5979 15
6003
6302 16
6318
6617 17
6636
6935 18
6944
7243 19
7254
7553 20
7587
7886 21
7924
8221 22
8363
8660 23
8749
9048 24
9080
9379 25
9389
9686 26
9838
10135 27
10305
10602 28
10719
11018 29
11050
11349 30
11373
11670 31
11850
12149 32
12193
12492 33
12541
13135 35
13224
13523 36
13555
13854 37
13864
14161 38
14313
14610 39
14780
15077 40
15194
15493 41
15525
15824 42
15848
16145 43
16325
16622 44
16820
17117 45
17262
17561 46
17593
17892 47
17930
18227 48
18435
18734 49
18787
19086 50
19145
19739 52
19828
20127 53
20159
20458 54
20468
20765 55
20917
21511 57
21628
21927 58
21959
22258 59
22282
22579 60
22759
23056 61
23254
23551 62
23696
23995 63
24027
24326 64
24364
24661 65
24869
25166 66
25392
25689 67
25862
26161 68
26193
26492 69
26544
