916 3
1280
1882 5
1984
3217 9
3225
3524 10
3573
5399 16
5695
5998 17
7103
7713 19
7776
8079 20
8099
8400 21
8442
8745 22
8776
9077 23
9160
9463 24
9483
9784 25
9826
10129 26
10160
10461 27
10544
10847 28
10867
11168 29
11210
11513 30
11544
11845 31
11928
12231 32
12256
12557 33
12604
12907 34
12941
13242 35
13298
13601 36
13646
13947 37
14058
14361 38
14400
14701 39
14762
15065 40
15113
15414 41
15484
15787 42
15846
16147 43
16286
16589 44
16642
16943 45
17018
17321 46
17391
17692 47
17784
18087 48
18168
18469 49
18791
19091 50
19387
