917 3
1291
3130 9
3173
3770 11
4469
8105 23
8638
9246 25
9542
9845 26
9942
10242 27
10538
11163 29
11206
11807 31
12218
12826 33
13122
13421 34
13512
13808 35
14104
14716 37
15224
16449 41
16745
17044 42
17139
17435 43
17731
18356 45
18399
18996 47
19358
19970 49
20266
20569 50
20660
20960 51
21256
21868 53
22376
23597 57
23893
24192 58
24288
24584 59
24880
25505 61
25548
26149 63
26516
27128 65
27424
27723 66
27814
28110 67
28402
29014 69
29522
30751 73
31047
31350 74
31447
31747 75
32043
32672 77
32715
33312 79
33708
34316 81
34612
34911 82
35002
35302 83
35598
36210 85
36762
37674 88
38034
38337 89
38524
