916 3
1273
2495 7
3462
4064 9
4068
4367 10
4393
4692 11
4721
5020 12
5028
5622 14
5707
6006 15
6038
6337 16
6345
6642 17
6790
7089 18
7121
7418 19
7604
7901 20
8034
8333 21
8365
8664 22
8684
8983 23
9006
9305 24
9313
9907 26
9992
10291 27
10323
10622 28
10630
10927 29
11075
11374 30
11400
11697 31
11871
12168 32
12289
12588 33
12620
12919 34
12940
13239 35
13263
13562 36
13570
14164 38
14249
14548 39
14580
14879 40
14887
15184 41
15332
15631 42
15658
15955 43
16131
16428 44
16551
16850 45
16882
17181 46
17197
17496 47
17515
17814 48
17822
18416 50
18501
18800 51
18832
19131 52
19139
19436 53
19584
19883 54
19905
20202 55
20368
20665 56
20778
21077 57
21109
21408 58
21417
21714 59
21854
22153 60
22183
22480 61
22569
22868 62
22879
23176 63
23320
23619 64
23651
23948 65
24041
24340 66
24374
24673 67
24711
25010 68
25020
25614 70
25703
26002 71
26034
26333 72
26343
26640 73
26792
27091 74
27115
27412 75
27582
27879 76
27996
28295 77
28327
28626 78
28650
28947 79
29127
29426 80
29471
29768 81
29980
30277 82
30436
30735 83
30767
31066 84
31110
31409 85
31458
31757 86
31767
32361 88
32450
32749 89
32781
33080 90
33090
33387 91
33539
33838 92
33862
34159 93
34329
34626 94
34743
35042 95
35074
35373 96
35397
35694 97
35874
36173 98
36211
36508 99
36706
37003 100
37148
37447 101
37479
37778 102
37816
38117 103
38325
38628 104
38688
38985 105
39227
39524 106
39713
40012 107
40044
40347 108
40400
40703 109
40762
41061 110
41071
41665 112
41754
42057 113
42089
42392 114
42402
42699 115
42851
43150 116
43174
43471 117
43641
43942 118
44059
44362 119
44394
44693 120
44717
45014 121
45194
45493 122
45531
45832 123
46030
46331 124
46476
46779 125
46811
47110 126
47148
47449 127
47657
47960 128
48012
48313 129
48539
48840 130
49013
49316 131
49348
49651 132
49703
50004 133
50240
50543 134
50617
50918 135
51188
51489 136
51706
52009 137
52041
52344 138
52358
52659 139
52809
53112 140
53147
53448 141
53547
53850 142
53868
54169 143
54327
54630 144
54669
54970 145
55077
55380 146
55404
55705 147
55875
56178 148
56223
56524 149
56643
56940 150
59654
