916 3
1273
2501 7
2509
2808 8
2853
4374 13
5341
5943 15
5947
6246 16
6272
6571 17
6600
6899 18
6907
7206 19
7221
7520 20
7546
7845 21
7865
8164 22
8196
8495 23
8534
8833 24
8883
9186 25
9206
9509 26
9532
9835 27
9843
10146 28
10161
10460 29
10486
10785 30
10805
11104 31
11130
11429 32
11462
11761 33
11805
12108 34
12129
12432 35
12456
12759 36
12767
13070 37
13085
13388 38
13414
13717 39
13737
14036 40
14063
14362 41
14396
14695 42
14740
15043 43
15059
15358 44
15377
15680 45
15688
15991 46
16006
16309 47
16335
16638 48
16658
16961 49
16983
17286 50
17315
17618 51
17658
17961 52
17970
18273 53
18281
18584 54
18606
18907 55
18984
19287 56
19298
19601 57
19609
19912 58
19934
20235 59
20316
20619 60
20653
20956 61
20994
21297 62
21307
21610 63
21627
21930 64
21958
22261 65
22283
22586 66
22610
22913 67
22944
23247 68
23289
23592 69
23628
23931 70
23976
24279 71
24331
24634 72
24697
25000 73
25044
25347 74
25396
25699 75
25709
26012 76
26029
26332 77
26360
26663 78
26685
26988 79
27012
27315 80
27346
27649 81
27691
27994 82
28030
28333 83
28371
28674 84
28719
29022 85
29078
29381 86
29431
29734 87
29794
30097 88
30164
30467 89
30545
30844 90
30897
31196 91
31255
31554 92
31564
31867 93
31884
32187 94
32215
32518 95
32540
32843 96
32867
33170 97
33201
33504 98
33546
33845 99
33881
34180 100
34218
34517 101
34562
34861 102
34917
35216 103
35266
35569 104
35621
35924 105
35983
36286 106
36356
36659 107
36723
37026 108
37100
37403 109
37484
37783 110
37875
38174 111
38188
38487 112
38495
38794 113
38816
39117 114
39204
39507 115
39525
39828 116
39836
40139 117
40161
40462 118
40557
40860 119
40884
41183 120
41191
41490 121
41512
41809 122
41916
42213 123
44477
