916 3
1273
1875 5
1977
2905 8
2913
3212 9
3257
4778 14
5872
6478 16
6493
6796 17
6822
7125 18
7145
7444 19
7483
7782 20
7832
8131 21
8146
8445 22
8471
8770 23
8790
9093 24
9126
9429 25
9473
9776 26
9791
10094 27
10120
10423 28
10443
10746 29
10780
11079 30
11124
11423 31
11438
11737 32
11763
12062 33
12082
12381 34
12410
12713 35
12753
13056 36
13072
13375 37
13402
13705 38
13723
14026 39
14055
14354 40
14371
14670 41
14698
15001 42
15023
15322 43
15353
15652 44
15694
15997 45
16033
16336 46
16388
16691 47
16754
17057 48
17074
17377 49
17405
17708 50
17730
18033 51
18064
18367 52
18409
18712 53
18748
19051 54
19096
19399 55
19455
19758 56
19808
20111 57
20178
20481 58
20559
20862 59
20879
21182 60
21210
21513 61
21535
21838 62
21869
22172 63
22214
22517 64
22553
22856 65
22901
23204 66
23260
23563 67
23613
23916 68
23975
24278 69
24348
24651 70
24715
25018 71
25099
25402 72
25494
25797 73
25818
26121 74
26153
26456 75
26481
26784 76
26820
27123 77
27154
27457 78
27499
27802 79
27867
28168 80
30390
30693 81
30747
