1249 3
1619
3136 8
3238
3541 9
4727
6849 16
7145
7444 17
7525
7825 18
8117
9036 21
9332
9631 22
9710
10006 23
10302
10927 25
10970
11575 27
12260
13485 31
13781
14080 32
14158
14454 33
14750
15669 36
15965
16268 37
16349
16649 38
16945
17864 41
18160
18459 42
18538
18834 43
19130
19755 45
19798
20395 47
21080
22305 51
22601
22900 52
22978
23274 53
23570
25716 60
26012
26311 61
26392
26688 62
26984
27596 64
27780
28392 66
28688
28987 67
29068
29364 68
29660
30268 70
30507
32352 76
32648
32947 77
33022
33318 78
33614
