916 3
1280
1882 5
1984
3217 9
3225
3524 10
3569
5090 15
6205
6815 17
6878
7181 18
7198
7501 19
7529
7828 20
7850
8149 21
8180
8479 22
8521
8824 23
8860
9159 24
9211
9514 25
9577
9880 26
9897
10200 27
10228
10531 28
10553
10856 29
10887
11186 30
11228
11527 31
11563
11866 32
11911
12210 33
12266
12565 34
12615
12918 35
12985
13288 36
13366
13669 37
13686
13989 38
14017
14320 39
14342
14641 40
14672
14971 41
15013
15312 42
15348
15647 43
15692
15991 44
16047
16350 45
16400
16703 46
16762
17065 47
17135
17438 48
17502
17805 49
17886
18189 50
18281
18584 51
18600
18903 52
18930
19233 53
19249
19552 54
19579
19882 55
19942
20245 56
20310
20611 57
22048
22351 58
22405
22723 59
22766
23367 61
25050
27492 69
27540
27837 70
27912
28213 71
28302
28603 72
28705
29006 73
29047
29348 74
29389
