1216 3
1573
2795 7
3760
4362 9
4366
4665 10
4691
4990 11
5019
5318 12
5338
5637 13
5660
5959 14
5980
6279 15
6303
6602 16
6618
6917 17
6936
7235 18
7244
7543 19
7554
7853 20
7887
8186 21
8224
8818 23
8907
9206 24
9216
9513 25
9665
9962 26
10132
10429 27
10546
10845 28
10869
11166 29
11346
11645 30
11689
11988 31
12037
12334 32
12476
12773 33
12862
13161 34
13171
13468 35
13620
13917 36
14087
14384 37
14501
14800 38
14824
15121 39
15301
15598 40
15796
16093 41
16238
16537 42
16575
16872 43
17080
17379 44
17432
17731 45
17790
18384 47
18473
18772 48
18782
19079 49
19231
19528 50
19698
19995 51
20112
20411 52
20435
20732 53
20912
21209 54
21407
21704 55
21849
22148 56
22186
22483 57
22691
22988 58
23214
23511 59
23684
23983 60
24035
