916 3
1272
2789 8
2891
3194 9
4313
6435 16
6731
7030 17
7091
7391 18
7687
8312 20
8355
8952 22
9637
10862 26
11158
11461 27
11521
11821 28
12117
13036 31
13328
13627 32
13688
13984 33
14280
14905 35
14948
15549 37
16234
17459 41
17755
18054 42
18114
18410 43
18706
20541 49
20725
21026 50
21265
23400 57
23696
23995 58
24094
24390 59
24686
25311 61
25358
25959 63
26891
28112 67
28408
28707 68
28809
29105 69
29401
30026 71
30073
30674 73
31696
32925 77
33217
33516 78
33609
33905 79
34201
34830 81
34877
35478 83
38492
40030 88
40326
40625 89
40693
40989 90
41285
42208 93
42504
42803 94
42905
43205 95
43497
44126 97
44173
44770 99
45792
47025 103
47321
47624 104
47717
48017 105
48309
48938 107
48985
49590 109
52604
