1216 3
1573
2801 7
2809
3108 8
3165
4686 13
5653
6255 15
6259
6558 16
6584
6883 17
6912
7211 18
7219
7518 19
7533
7832 20
7861
8158 21
8243
8542 22
8565
8862 23
8914
9213 24
9245
9548 25
9590
9891 26
9962
10265 27
10318
10619 28
10752
11051 29
11071
11370 30
11393
11692 31
11700
11999 32
12014
12313 33
12339
12642 34
12662
12965 35
12991
13294 36
13330
13631 37
13696
13999 38
14046
14347 39
14468
14767 40
14788
15087 41
15111
15410 42
15418
15721 43
15736
16035 44
16061
16364 45
16384
16687 46
16714
17017 47
17054
17355 48
17421
17724 49
17772
18073 50
18196
18499 51
18515
18818 52
18837
19140 53
19148
19451 54
19466
19769 55
19795
20098 56
20118
20421 57
20443
20746 58
20778
21079 59
21140
21443 60
21486
21787 61
21900
22203 62
22212
22515 63
22523
22826 64
22848
23149 65
23238
23541 66
23552
23855 67
23863
24166 68
24188
24489 69
24582
24885 70
24919
25222 71
25260
25563 72
25573
25876 73
25896
26197 74
26246
26549 75
26580
26881 76
26970
27273 77
27298
27599 78
27653
27956 79
27980
28283 80
28317
28618 81
28681
28984 82
29029
29330 83
29447
29750 84
29789
30090 85
30158
30461 86
30506
30809 87
30864
31165 88
31249
31552 89
31618
31915 90
32074
32373 91
32417
32716 92
32765
33068 93
33078
33381 94
33398
33701 95
33729
34032 96
34054
34357 97
34381
34684 98
34715
35014 99
35056
35355 100
35391
35690 101
35728
36027 102
36075
36372 103
36449
36752 104
36811
37112 105
37257
37560 106
37613
37914 107
37996
38299 108
38359
38662 109
38732
39029 110
39128
39427 111
39508
39805 112
39994
40293 113
40346
40649 114
40708
41011 115
41021
41324 116
41341
41644 117
41672
41975 118
41997
42300 119
42324
42623 120
42654
42953 121
42995
43294 122
43330
43629 123
43667
43970 124
44015
44318 125
44374
44677 126
44727
45030 127
45082
45385 128
45447
45748 129
45839
46138 130
46211
46508 131
46681
46980 132
47047
47344 133
47440
47743 134
47817
48120 135
48204
48505 136
48618
48921 137
49016
49317 138
49534
49837 139
49851
50154 140
50162
50465 141
50487
50788 142
50887
51190 143
51208
51511 144
51519
51822 145
51844
52145 146
52252
52555 147
52579
52882 148
52890
53193 149
53215
53516 150
53635
53936 151
56391
