917 3
1341
2858 8
2960
3263 9
4434
6556 16
6852
7151 17
7230
7530 18
7826
8451 20
8494
9091 22
9776
11001 26
11297
11600 27
11678
11978 28
12274
13193 31
13489
13788 32
13867
14163 33
14459
15084 35
15127
15728 37
16413
17638 41
17934
18233 42
18311
18607 43
18903
20738 49
20920
21221 50
21456
23602 57
23898
24197 58
24318
24614 59
24910
26140 63
26436
26735 64
26827
27123 65
27419
28338 68
28634
28933 69
29055
29355 70
29647
30881 74
31177
31476 75
31568
31864 76
32160
33388 80
33684
33983 81
34069
34365 82
34661
35588 85
35884
36183 86
36305
36601 87
36897
38123 91
38419
38718 92
38810
39106 93
39402
41848 101
42144
42443 102
42560
42856 103
43152
43781 105
43828
44433 107
45364
46593 111
46889
47188 112
47306
47602 113
47898
48527 115
48574
49179 117
50114
51652 122
51948
52247 123
52333
52633 124
52925
53852 127
54148
54451 128
54569
54869 129
55165
55794 131
55841
56438 133
57373
