1249 3
1623
3450 9
3552
3866 10
3909
4506 12
5205
8841 24
8857
9469 26
9765
10068 27
10165
10465 28
10761
11386 30
11429
12026 32
12437
13045 34
13341
13640 35
13731
14027 36
14319
14927 38
15332
16553 42
16849
17148 43
17243
17539 44
17835
18460 46
18503
19104 48
19466
20082 50
20378
20677 51
20768
21064 52
21356
21968 54
22373
23598 58
23894
24193 59
24289
24589 60
24885
25514 62
25557
26158 64
26525
27133 66
27429
27728 67
27819
28115 68
28411
29019 70
29424
30657 74
30953
31252 75
31349
31645 76
31941
32566 78
32609
33206 80
33602
34214 82
34510
34813 83
34904
35204 84
35496
36108 86
36557
37469 89
37485
37788 90
37818
38430 92
38726
39025 93
39111
39411 94
39707
40336 96
40379
40976 98
41690
42600 101
42726
43044 102
43087
43692 104
44026
44642 106
44938
45241 107
45322
45622 108
45918
46530 110
46917
