1216 3
1573
2795 7
3760
4362 9
4366
4665 10
4691
4990 11
5019
5318 12
5326
5920 14
6005
6304 15
6336
6635 16
6643
6940 17
6993
7292 18
7324
7621 19
7693
7990 20
8123
8422 21
8454
8753 22
8773
9072 23
9095
9394 24
9402
9996 26
10081
10380 27
10412
10711 28
10719
11016 29
11164
11463 30
11489
11786 31
11852
12149 32
12270
12569 33
12601
12900 34
12921
13220 35
13244
13543 36
13551
14145 38
14230
14529 39
14561
14860 40
14868
15165 41
15313
15612 42
15639
15936 43
16003
16300 44
16423
16722 45
16754
17053 46
17069
17368 47
17387
17686 48
17694
18288 50
18373
18672 51
18704
19003 52
19011
19308 53
19456
19755 54
19777
20074 55
20136
20433 56
20546
20845 57
20877
21176 58
21185
21484 59
21495
21794 60
21828
22127 61
22165
22464 62
22474
23068 64
23157
23456 65
23488
23787 66
23797
24094 67
24246
24545 68
24569
24866 69
25036
25333 70
25450
25749 71
25781
26080 72
26104
26401 73
26581
26880 74
26925
27222 75
27434
27731 76
27890
28189 77
28221
28520 78
28564
28863 79
28912
29211 80
29221
29815 82
29904
30203 83
30235
30534 84
30544
30841 85
30993
31292 86
31316
31613 87
31783
32080 88
32197
32496 89
32528
32827 90
32851
33148 91
33328
33627 92
33665
33962 93
34160
34457 94
34602
34901 95
34933
35232 96
35270
35567 97
35775
36074 98
36134
36431 99
36673
36970 100
37159
37458 101
37490
37789 102
37842
38145 103
38204
38507 104
38517
39111 106
39200
39499 107
39531
39834 108
39844
40145 109
40297
40596 110
40620
40917 111
41087
41384 112
41501
41804 113
41836
42139 114
42163
42460 115
42640
42939 116
42977
43274 117
43472
43773 118
43918
44221 119
44253
44552 120
44590
44887 121
45095
45394 122
45446
45747 123
45973
46274 124
46447
46750 125
46782
47081 126
47133
47434 127
47670
47973 128
48047
48348 129
48618
48919 130
49136
49439 131
49471
