1249 3
1673
3190 8
3292
3595 9
4766
6888 16
7184
7483 17
7562
7862 18
8158
8783 20
8826
9423 22
10108
11333 26
11629
11932 27
12010
12310 28
12606
13525 31
13821
14120 32
14199
14495 33
14787
15412 35
15455
16056 37
16741
17966 41
18262
18561 42
18639
18935 43
19231
21066 49
21248
21549 50
21784
23930 57
24226
24525 58
24646
24942 59
25238
26468 63
26764
27063 64
27155
27451 65
27747
28666 68
28962
29261 69
29383
29683 70
29979
31213 74
31505
31804 75
31896
32192 76
32488
33716 80
34012
34311 81
34397
34693 82
34989
35916 85
36212
36511 86
36633
36929 87
37225
38451 91
38747
39046 92
39138
39434 93
39730
42176 101
42472
42771 102
42888
43184 103
43480
44109 105
44156
44761 107
45692
46921 111
47217
47516 112
47634
47930 113
48226
48855 115
48902
49507 117
50363
51901 122
52197
52496 123
52582
52882 124
53178
54105 127
54401
54704 128
54822
55122 129
55418
56047 131
56094
56691 133
57547
58468 136
58488
