1216 3
1573
2795 7
3760
4362 9
4366
4665 10
4691
4990 11
5019
5318 12
5338
5637 13
5660
5959 14
5980
6279 15
6303
6602 16
6618
6917 17
6936
7235 18
7244
7543 19
7554
7853 20
7887
8186 21
8224
8523 22
8533
9127 24
9216
9515 25
9547
9846 26
9856
10153 27
10305
10604 28
10628
11222 30
11339
11638 31
11670
11969 32
11993
12290 33
12470
12769 34
12814
13111 35
13323
13620 36
13779
14078 37
14110
14409 38
14453
14752 39
14801
15100 40
15110
15704 42
15793
16092 43
16124
16423 44
16433
16730 45
16882
17181 46
17205
17502 47
17672
17969 48
18086
18385 49
18417
18716 50
18740
19037 51
19217
19516 52
19554
19851 53
20049
20346 54
20491
20790 55
20822
21121 56
21159
21456 57
21664
21963 58
22023
22320 59
22562
22859 60
23048
23347 61
23379
23678 62
23731
24030 63
24089
24388 64
24398
24992 66
25081
25380 67
25412
25711 68
25721
26018 69
26170
26469 70
26493
27087 72
27204
27503 73
27535
27834 74
27858
28155 75
28335
28634 76
28672
28969 77
29167
29464 78
29609
29908 79
29940
30239 80
30277
30574 81
30782
31081 82
31133
31430 83
31656
31953 84
32126
32425 85
32457
32756 86
32808
33105 87
33341
33640 88
33714
34011 89
34281
34578 90
34795
35094 91
35126
