917 3
1291
3118 9
3220
3534 10
3577
4174 12
4873
8509 24
8525
9137 26
9433
9736 27
9833
10133 28
10429
11054 30
11097
11694 32
12105
12713 34
13009
13308 35
13399
13695 36
13991
14599 38
15725
16946 42
17242
17541 43
17636
17932 44
18228
18853 46
18896
19497 48
19859
20475 50
20771
21070 51
21161
21457 52
21753
22365 54
23491
24716 58
25012
25311 59
25407
25707 60
26003
26632 62
26675
27276 64
27643
28251 66
28543
28842 67
28933
29229 68
29525
30133 70
31259
32492 74
32788
33087 75
33184
33480 76
33776
34401 78
34444
35041 80
35437
36049 82
36341
36644 83
36735
37035 84
37331
37943 86
39113
40025 89
40041
40344 90
40374
40986 92
41282
41581 93
41667
41967 94
42259
42888 96
42931
43528 98
44242
45152 101
45278
45596 102
45639
46244 104
46578
47194 106
47490
47793 107
47874
48174 108
48470
49082 110
49469
