1225 3
1589
2191 5
2293
3831 10
3842
4139 11
4172
5998 17
6294
6597 18
7702
8308 20
8371
8983 22
9005
9306 23
9350
9962 25
9995
10296 26
10383
10995 28
11015
11316 29
11358
11970 31
12001
12302 32
12385
12997 34
13020
13321 35
13366
13978 37
14012
14313 38
14402
15014 40
15039
15340 41
15387
15999 43
16035
16336 44
16429
17041 46
17071
17372 47
17424
18036 49
18087
18388 50
18461
19073 52
19135
19436 53
19581
19884 54
19944
20247 55
20312
20613 56
21267
21570 57
21624
21927 58
21988
22306 59
22349
22950 61
24813
25729 64
25787
26087 65
26383
28529 72
28825
29125 73
29421
