916 3
1273
2495 7
3462
4064 9
4068
4367 10
4393
4692 11
4721
5020 12
5028
5622 14
5707
6006 15
6038
6337 16
6345
6642 17
6790
7089 18
7121
7715 20
7848
8147 21
8179
8478 22
8498
8797 23
8820
9119 24
9127
9721 26
9806
10105 27
10137
10436 28
10444
10741 29
10889
11188 30
11214
11511 31
11685
11982 32
12103
12402 33
12434
12733 34
12754
13053 35
13077
13376 36
13384
13978 38
14063
14362 39
14394
14693 40
14701
14998 41
15146
15445 42
15472
15769 43
15945
16242 44
16365
16664 45
16696
16995 46
17011
17310 47
17329
17628 48
17636
17933 49
18071
18368 50
18453
18752 51
18784
19083 52
19091
19388 53
19536
19835 54
19857
20154 55
20320
20617 56
20730
21029 57
21061
21360 58
21369
21666 59
21806
22105 60
22135
22432 61
22521
22820 62
22831
23128 63
23272
23571 64
23603
23900 65
23993
24292 66
24326
24625 67
24663
24962 68
24972
25566 70
25655
25954 71
25986
26285 72
26295
26592 73
26744
27043 74
27067
27364 75
27534
27831 76
27948
28247 77
28279
28578 78
28602
28899 79
29079
29378 80
29423
30017 82
30176
30475 83
30507
30806 84
30850
31149 85
31198
31497 86
31507
32101 88
32190
32489 89
32521
32820 90
32830
33127 91
33279
33578 92
33602
33899 93
34069
34366 94
34483
34782 95
34814
35113 96
35137
35434 97
35614
35913 98
35951
36248 99
36446
36743 100
36888
37187 101
37219
37518 102
37556
37857 103
38065
38368 104
38428
38725 105
38967
39264 106
39453
39752 107
39784
40087 108
40140
40443 109
40502
40801 110
40811
41108 111
41250
41547 112
41636
41939 113
41971
42274 114
42284
42581 115
42733
43032 116
43056
43353 117
43523
43824 118
43941
44244 119
44276
44575 120
44599
44896 121
45076
45375 122
45413
45714 123
45912
46213 124
46358
46661 125
46693
46992 126
47030
47331 127
47539
47842 128
47894
48195 129
48421
48722 130
48895
49198 131
49230
49533 132
49585
49886 133
50122
50425 134
50499
50800 135
51070
51371 136
51588
51891 137
51923
52226 138
52240
52541 139
52691
52994 140
53029
53330 141
53429
53732 142
53750
54051 143
54209
54512 144
54551
54852 145
54959
55262 146
55286
55587 147
55757
56060 148
56105
56406 149
56525
56822 150
59536
