1216 3
1573
2795 7
3762
4364 9
4368
4667 10
4693
4992 11
5021
5320 12
5328
5922 14
5995
6294 15
6326
6625 16
6633
6930 17
6971
7270 18
7302
7599 19
7659
7956 20
8077
8376 21
8408
8707 22
8727
9026 23
9049
9348 24
9356
9950 26
10023
10322 27
10354
10653 28
10661
10958 29
11082
11381 30
11407
11704 31
11758
12055 32
12164
12463 33
12495
12794 34
12815
13114 35
13138
13437 36
13445
14039 38
14112
14411 39
14443
14742 40
14750
15047 41
15171
15470 42
15497
15794 43
15849
16146 44
16257
16556 45
16588
16887 46
16903
17202 47
17221
17520 48
17528
18122 50
18195
18494 51
18526
18825 52
18833
19130 53
19254
19553 54
19575
19872 55
19922
20219 56
20320
20619 57
20651
20950 58
20959
21256 59
21293
21590 60
21667
21966 61
21977
22274 62
22313
22610 63
22691
22990 64
23024
23323 65
23361
23660 66
23670
24264 68
24341
24640 69
24672
24971 70
24981
25278 71
25321
25620 72
25644
25941 73
25992
26289 74
26394
26693 75
26725
27024 76
27048
27345 77
27402
27701 78
27746
28043 79
28116
28413 80
28560
28859 81
28891
29190 82
29234
29533 83
29582
29881 84
29891
30485 86
30562
30861 87
30893
31192 88
31202
31499 89
31627
31926 90
31950
32247 91
32391
32688 92
32793
33092 93
33124
33423 94
33447
33744 95
33900
34199 96
34237
34534 97
34599
34896 98
35029
35328 99
35360
35659 100
35697
35994 101
36065
36364 102
36424
36725 103
36813
37114 104
37291
37590 105
37622
37921 106
37974
38273 107
38332
38635 108
38645
39243 110
39320
39619 111
39651
39950 112
39960
40261 113
40389
40692 114
40716
41013 115
41157
41454 116
41559
41858 117
41890
42193 118
42217
42518 119
42674
42973 120
43011
43308 121
43480
43777 122
43910
44213 123
44245
44548 124
44586
44887 125
45071
45370 126
45422
45723 127
45802
46103 128
46264
46567 129
46599
46902 130
46954
47255 131
47340
47643 132
47717
48018 133
48120
48421 134
48626
48929 135
48961
49264 136
49278
49579 137
49621
49922 138
50009
50312 139
50330
50631 140
50677
50978 141
51073
51376 142
51400
51701 143
51753
52054 144
52161
