1249 3
1619
3136 8
3238
3541 9
4716
6838 16
7134
7433 17
7512
7812 18
8108
8733 20
8776
9373 22
10058
11283 26
11579
11882 27
11960
12260 28
12556
13475 31
13771
14070 32
14149
14445 33
14737
15362 35
15405
16006 37
16691
17916 41
18208
18507 42
18585
18881 43
19177
21012 49
21194
21495 50
21730
23876 57
24172
24471 58
24592
24888 59
25184
26414 63
26710
27009 64
27101
27397 65
27693
28612 68
28904
29203 69
29325
29625 70
29921
31155 74
31451
31750 75
31842
32138 76
32434
33662 80
33958
34257 81
34343
34639 82
34935
35862 85
36158
36457 86
36579
36875 87
37167
38393 91
38689
38988 92
39080
39376 93
39672
42118 101
42414
42713 102
42830
43126 103
43422
44051 105
44098
44703 107
45219
