1217 3
1574
2802 7
2810
3109 8
3154
4675 13
5642
6244 15
6248
6547 16
6573
6872 17
6901
7200 18
7208
7507 19
7522
7821 20
7847
8146 21
8166
8465 22
8497
8796 23
8835
9134 24
9184
9487 25
9507
9810 26
9833
10136 27
10144
10447 28
10462
10761 29
10787
11086 30
11106
11405 31
11431
11730 32
11763
12062 33
12106
12409 34
12430
12733 35
12757
13060 36
13068
13371 37
13386
13689 38
13715
14018 39
14038
14337 40
14364
14663 41
14697
14996 42
15041
15344 43
15360
15659 44
15678
15981 45
15989
16292 46
16307
16610 47
16636
16939 48
16959
17262 49
17284
17587 50
17616
17919 51
17959
18262 52
18271
18574 53
18582
18885 54
18907
19208 55
19285
19588 56
19599
19902 57
19910
20213 58
20235
20536 59
20617
20920 60
20954
21257 61
21295
21598 62
21608
21911 63
21928
22231 64
22259
22562 65
22584
22887 66
22911
23214 67
23245
23548 68
23590
23893 69
23929
24232 70
24277
24580 71
24632
24935 72
24998
25301 73
25345
25648 74
25697
26000 75
26010
26313 76
26330
26633 77
26661
26964 78
26986
27289 79
27313
27616 80
27647
27950 81
27992
28295 82
28331
28634 83
28672
28975 84
29020
29323 85
29379
29682 86
29732
30035 87
30095
30398 88
30465
30768 89
30846
31145 90
31198
31497 91
31556
31855 92
31865
32168 93
32185
32488 94
32516
32819 95
32841
33144 96
33168
33471 97
33502
33805 98
33847
34146 99
34182
34481 100
34519
34818 101
34863
35162 102
35218
35517 103
35567
35870 104
35922
36225 105
36284
36587 106
36657
36960 107
37024
37327 108
37401
37704 109
37785
38084 110
38176
38475 111
38489
38788 112
38796
39095 113
39117
39418 114
39505
39808 115
39826
40129 116
40137
40440 117
40462
40763 118
40858
41161 119
41185
41484 120
41492
41791 121
41813
42110 122
42217
42514 123
44500
