916 3
1280
1882 5
1984
3217 9
3228
3525 10
3553
5074 15
6189
6799 17
6862
7165 18
7185
7486 19
7523
7822 20
7853
8150 21
8227
8526 22
8551
8852 23
8894
9193 24
9227
9528 25
9579
9882 26
9927
10228 27
10333
10636 28
10675
10976 29
11032
11331 30
11386
11683 31
11755
12058 32
12124
12421 33
12568
12867 34
12884
13187 35
13215
13518 36
13540
13843 37
13874
14177 38
14219
14522 39
14558
14857 40
14905
15202 41
15267
15566 42
15625
15922 43
16055
16354 44
16407
16708 45
16778
17081 46
17151
17452 47
17539
17842 48
17923
18224 49
18401
18704 50
18721
19024 51
19052
19355 52
19377
19680 53
19711
20014 54
20056
20359 55
20395
20698 56
20743
21046 57
21102
21405 58
21455
21758 59
21820
22121 60
22200
22503 61
22576
22877 62
23038
23341 63
23408
23709 64
23793
24096 65
24180
24481 66
24582
24885 67
24980
25281 68
25486
25789 69
25808
26109 70
26146
26449 71
26479
26780 72
26857
27160 73
27179
27480 74
27517
27820 75
27850
28151 76
28228
28531 77
28591
28894 78
28959
29260 79
30697
31000 80
31054
31372 81
31415
32016 83
33699
36145 91
36193
36494 92
36560
36861 93
36937
37238 94
37323
37624 95
37665
37962 96
38003
