1216 3
1573
2795 7
3760
4362 9
4366
4665 10
4691
4990 11
5019
5318 12
5338
5637 13
5660
5959 14
5980
6279 15
6303
6602 16
6618
6917 17
6936
7235 18
7244
7543 19
7554
7853 20
7887
8186 21
8224
8523 22
8533
9127 24
9216
9515 25
9547
9846 26
9856
10153 27
10208
10507 28
10531
10828 29
10892
11189 30
11306
11605 31
11637
11936 32
11960
12257 33
12326
12625 34
12670
12967 35
13052
13349 36
13508
13807 37
13839
14138 38
14182
14481 39
14530
14829 40
14839
15433 42
15522
15821 43
15853
16152 44
16162
16459 45
16611
16910 46
16934
17231 47
17401
17698 48
17815
18114 49
18146
18445 50
18469
18766 51
18946
19245 52
19283
19580 53
19658
19955 54
20100
20399 55
20431
20730 56
20768
21065 57
21148
21447 58
21507
21804 59
21904
22201 60
22390
22689 61
22721
23020 62
23073
23372 63
23431
23730 64
23740
24334 66
24423
24722 67
24754
25053 68
25063
25360 69
25512
25811 70
25835
26132 71
26302
26599 72
26716
27015 73
27047
27346 74
27370
27667 75
27847
28146 76
28184
28481 77
28679
28976 78
29121
29420 79
29452
29751 80
29789
30086 81
30294
30593 82
30645
30942 83
31034
31331 84
31504
31803 85
31835
32134 86
32186
32483 87
32580
32879 88
32953
33547 90
33764
34063 91
34095
