916 3
1280
1882 5
1984
3217 9
3225
3524 10
3574
5400 16
5696
5999 17
7104
7714 19
7777
8080 20
8099
8400 21
8442
8745 22
8775
9076 23
9159
9462 24
9481
9782 25
9824
10127 26
10157
10458 27
10541
10844 28
10864
11165 29
11208
11511 30
11542
11843 31
11927
12230 32
12255
12556 33
12604
12907 34
12941
13242 35
13299
13602 36
13647
13948 37
14060
14363 38
14402
14703 39
14765
15068 40
15123
15424 41
15502
15805 42
15871
16172 43
16326
16629 44
16646
16949 45
16977
17280 46
17302
17605 47
17636
17939 48
17981
18284 49
18320
18623 50
18671
18972 51
19043
19346 52
19405
19706 53
19846
20149 54
20202
20503 55
20579
20882 56
20952
21253 57
21346
21649 58
21730
22031 59
22215
22514 60
22531
22830 61
22858
23161 62
23183
23486 63
23517
23820 64
23862
24165 65
24201
24500 66
24545
24848 67
24904
25207 68
25257
25560 69
25622
25923 70
26008
26311 71
26384
26685 72
26853
27156 73
27223
27524 74
27614
27917 75
28001
28302 76
28409
28712 77
28807
29108 78
29320
29623 79
29683
29986 80
30051
30352 81
32395
32698 82
32752
33055 83
33116
33434 84
33477
34078 86
35770
36682 89
36740
37040 90
37336
39482 97
39778
40077 98
40140
40744 100
40785
41086 101
41127
41428 102
41505
41808 103
41841
42142 104
42234
42537 105
42570
42871 106
42977
43278 107
43361
43664 108
43724
44027 109
44109
44409 110
44705
