916 3
1273
2495 7
3462
4064 9
4068
4367 10
4393
4692 11
4721
5020 12
5028
5622 14
5707
6006 15
6038
6337 16
6345
6642 17
6790
7089 18
7121
7418 19
7604
7901 20
8034
8333 21
8365
8664 22
8684
8983 23
9006
9305 24
9313
9610 25
9748
10045 26
10130
10429 27
10461
10760 28
10768
11065 29
11213
11512 30
11538
12132 32
12253
12552 33
12584
12883 34
12904
13203 35
13227
13526 36
13534
14128 38
14213
14512 39
14544
14843 40
14851
15148 41
15296
15595 42
15622
15919 43
16095
16392 44
16515
16814 45
16846
17145 46
17161
17460 47
17479
17778 48
17786
18380 50
18465
18764 51
18796
19095 52
19103
19400 53
19548
19847 54
19869
20166 55
20332
20629 56
20742
21041 57
21073
21372 58
21381
21678 59
21818
22117 60
22147
22444 61
22533
22832 62
22843
23140 63
23284
23583 64
23615
23912 65
24005
24304 66
24338
24637 67
24675
24974 68
24984
25578 70
25667
25966 71
25998
26297 72
26307
26604 73
26756
27055 74
27079
27376 75
27546
27843 76
27960
28259 77
28291
28590 78
28614
28911 79
29091
29390 80
29435
29732 81
29944
30241 82
30400
30699 83
30731
31030 84
31074
31373 85
31422
31721 86
31731
32325 88
32414
32713 89
32745
33044 90
33054
33351 91
33503
33802 92
33826
34123 93
34293
34590 94
34707
35006 95
35038
35337 96
35361
35658 97
35838
36137 98
36175
36472 99
36670
36967 100
37112
37411 101
37443
37742 102
37780
38081 103
38289
38592 104
38652
38949 105
39191
39488 106
39677
39976 107
40008
40311 108
40364
40667 109
40726
41025 110
41035
41629 112
41718
42021 113
42053
42356 114
42366
42663 115
42815
43114 116
43138
43435 117
43605
43906 118
44023
44326 119
44358
44657 120
44681
44978 121
45158
45457 122
45495
45796 123
45994
46295 124
46440
46743 125
46775
47074 126
47112
47413 127
47621
47924 128
47976
48277 129
48503
48804 130
48977
49280 131
49312
49615 132
49667
49968 133
50204
50507 134
50581
50882 135
51152
51453 136
51670
51973 137
52005
52308 138
52322
52623 139
52677
52978 140
53077
53380 141
53398
53699 142
53757
54058 143
54165
54468 144
54492
54793 145
54857
55158 146
55277
