917 3
1291
3118 9
3220
3534 10
3577
4174 12
4873
8509 24
8525
9137 26
9429
9732 27
9829
10129 28
10425
11050 30
11093
11690 32
12101
12709 34
13005
13304 35
13395
13691 36
13987
14595 38
15052
16273 42
16569
16868 43
16966
17262 44
17558
18183 46
18226
18827 48
19207
19823 50
20119
20418 51
20509
20805 52
21101
21713 54
22144
23369 58
23665
23964 59
24060
24360 60
24656
25285 62
25328
25929 64
26296
26904 66
27200
27499 67
27590
27886 68
28182
28790 70
29221
30454 74
30746
31045 75
31142
31438 76
31734
32359 78
32402
32999 80
33395
34007 82
34303
34606 83
34697
34997 84
35293
35905 86
36380
37292 89
37308
37611 90
37641
38253 92
38549
38848 93
38934
39234 94
39526
40155 96
40198
40795 98
41509
42419 101
42545
42863 102
42906
43511 104
43845
44461 106
44757
45060 107
45141
45441 108
45733
46345 110
46750
47666 113
47675
48291 115
48587
48890 116
48973
49273 117
49569
50198 119
50241
50842 121
51178
51786 123
52082
52385 124
52461
52761 125
53057
53669 127
54056
54972 130
54995
55603 132
55899
56198 133
56282
56582 134
56878
57507 136
57550
58155 138
58510
59126 140
59422
59725 141
59804
60104 142
60400
61012 144
61403
62636 148
62932
63235 149
63319
63619 150
63915
64544 152
64587
65192 154
65547
66163 156
66459
66762 157
66841
67141 158
67437
68049 160
68440
